2075
3368
3503
3632
3876
3176
423
478
661
539
711
3334
3089
3278
2602
2669
1459
1073
977
1044
1802
2308
2242
2246
3348
3551
3184
2668
1361
1170
1997
2185
2252
3424
3288
3311
4075
3882
1205
1081
874
1323
2593
2846
2719
2205
2837
2855
3758
3752
3738
1386
1519
1458
706
2485
2490
2423
1025
3269
3269
2205
1515
1747
2064
2066
3043
3037
1459
674
476
344
999
2699
3137
3054
3199
2330
2159
2090
789
793
2023
2155
2466
2652
1884
1571
2024
2348
3362
3615
3721
2309
838
853
1236
1306
803
1078
1337
2938
3511
2462
2207
3224
1359
1489
1877
2326
2402
1120
1965
2932
2871
3573
3022
3142
1415
1224
2005
2325
1815
3140
3458
4085
692
724
413
403
1776
1689
2403
2715
2712
3349
2600
1818
1752
3343
2416
2097
1244
358
1027
1029
2181
3596
3873
3830
3832
2469
2461
2586
2317
1120
866
1509
2543
2201
1829
1895
1889
2533
2512
879
684
1375
155
159
2038
2087
2271
2269
1621
1561
535
1694
1886
2600
1882
1690
2392
2386
2636
2886
3498
3701
3265
4033
2148
1891
1268
954
3341
3469
2071
3031
3503
3509
3498
3559
3812
1445
613
460
715
851
2777
2777
2776
3046
1589
1268
1398
592
2988
3707
2900
1701
1757
1753
1681
2886
3013
2916
1957
1239
1330
1266
2103
2606
3538
3271
1605
2307
670
2569
1641
1497
2731
1884
1956
1883
2080
2402
729
1680
2896
3096
3298
3429
2614
2093
1967
3493
3426
1588
1565
2211
1107
720
597
3406
3691
3378
2804
2038
1717
2290
2781
3426
1241
1041
718
2714
3100
3224
3413
3524
2016
1698
786
1423
1939
1875
426
170
2131
107
2565
3188
2079
2015
1961
1907
2037
3507
3831
3961
882
627
1264
1481
1288
2309
2093
1755
1236
1110
1947
2670
2093
3281
2698
2636
808
686
563
1449
1579
1425
1893
1876
2955
2508
2504
2619
2171
1189
935
996
748
1765
3557
4007
2595
3095
3476
2824
1878
1447
3413
3731
2760
2638
3208
3400
862
865
1304
3249
3448
2937
939
1958
1266
1000
795
786
1040
670
3372
3126
3259
2637
2508
2441
2580
1740
3032
2958
2249
1994
866
740
732
539
282
971
848
2291
2932
3020
2533
2526
1270
628
421
407
528
1670
2631
2894
1937
2155
1954
1439
1830
2225
1958
1831
2059
971
873
1769
2923
873
1319
2383
2059
1807
3183
3377
1589
1784
2082
2787
3017
2886
3270
647
667
739
934
691
950
2489
3315
3254
3193
2902
3156
2723
2467
2713
1192
1238
1178
1547
3080
3170
3440
2931
2476
2346
2346
2285
2354
1577
1959
1318
940
1131
1071
884
1360
1365
2888
3315
2998
1967
2024
2140
1493
1359
1319
1362
1285
707
1224
2422
2740
3425
3859
3990
4054
1694
1313
1054
1172
1233
2376
2738
1011
818
625
718
710
1373
1563
1630
2785
2146
1887
2674
2993
2719
2502
1290
908
804
1846
1973
2672
3366
3618
2529
2150
1386
2078
1963
1016
763
1096
1484
2059
2829
3292
3185
3118
1125
1243
1051
2266
491
478
2268
2398
1906
2420
2533
3562
3529
787
662
746
685
690
694
1266
1204
1144
685
549
2147
1995
1934
3660
3475
3286
3304
3178
3308
3377
745
543
519
777
436
562
944
2139
2775
3615
3554
3483
3403
3681
3739
723
981
552
224
1067
2142
1757
2768
2342
2423
3508
3320
2319
2513
1674
1674
2517
3227
3481
3380
3320
2276
2072
2069
2444
1249
612
2219
1579
2710
3220
1323
1514
1516
1514
1837
1876
1942
2708
2588
2677
2789
2792
2794
2028
1581
914
718
947
2140
3041
2795
2857
2539
2794
2856
2923
3049
2538
1581
1268
1880
2394
2716
3098
3297
2667
3119
1135
1240
1371
1937
2391
2332
2205
2396
1831
1831
2332
1562
1496
880
2614
2931
3239
3893
3831
3142
1988
559
566
232
1317
989
912
997
999
2859
2985
3148
2524
2338
3229
2529
2338
2912
2657
1503
1492
1865
3272
3332
3294
3609
3686
3560
3386
3261
1076
877
591
1930
1495
2452
3555
1529
1331
906
1604
3460
3186
2268
2130
2187
2836
1569
939
2791
2723
2594
3573
2460
3210
3589
3779
4086
3959
3767
3633
3823
3560
757
803
799
652
1091
1730
1223
2575
2100
3176
3507
3828
4089
819
1139
1358
2166
1676
2245
2290
1950
2544
1699
794
537
420
1073
1717
2422
2806
3490
3471
2180
1500
1953
2341
3101
3470
2381
2600
3054
2035
2228
751
669
907
607
613
687
952
3227
3532
3163
3220
2318
2062
1873
3218
2861
1075
2426
2618
2105
1348
1050
1027
3394
3650
3944
2971
3163
3617
2255
2063
1442
655
2101
1908
1643
1909
1970
3406
3554
3544
2213
2677
2551
3565
3786
3695
1081
540
720
1480
2119
2506
2265
1953
625
3165
2834
2153
2896
2219
2550
2360
2167
3309
3313
3741
3931
1745
1496
1498
681
2217
3021
2970
2973
3141
1797
1100
1553
1846
2236
1951
3315
3248
3313
432
757
543
2455
1762
2649
2581
2910
3040
2784
3105
2348
807
674
3420
3233
3663
1675
1033
2254
2721
3296
2891
1418
983
1047
1371
1912
2170
3311
812
675
543
1801
1797
675
480
733
1645
2268
2762
3119
3440
1973
1232
1161
656
336
1953
1886
3294
2568
2439
2357
2714
2778
1932
1549
1691
2795
2273
858
1506
658
1168
1490
4006
3747
3747
3747
3408
3492
3704
2845
1591
1592
664
1008
1200
1882
1417
324
139
3043
3110
1557
1828
2910
3164
2207
2154
1948
1570
1048
925
2261
2254
2259
3739
3887
2353
1963
2150
2330
2198
2330
2725
998
1244
1177
1246
1178
1162
1305
884
693
3380
3735
3473
2397
1881
1486
1045
795
538
401
1896
3300
3360
2971
2014
1119
2209
787
1205
2383
2764
3505
2576
2827
2828
2454
2453
1201
1201
886
1099
1224
2434
3573
3572
3112
2291
2267
2137
2081
859
982
3499
3247
3255
1946
1410
951
2430
2430
2430
2333
2204
2013
2215
1694
2181
2503
1841
2487
2024
2022
3140
3147
849
1140
1128
1750
3831
2412
2337
2510
2391
1929
3056
1999
1748
2100
2991
3190
2925
2251
1110
1194
1134
2457
2016
2281
2542
929
676
406
477
400
2375
2412
2016
1572
1633
2719
3111
883
753
852
1283
1698
2524
2759
2620
1721
1913
2139
3224
3621
1548
1179
2081
2078
1186
1011
717
337
2358
2529
2011
3176
2674
2099
1905
1971
874
1295
1678
1220
1696
1946
3171
2979
2654
2646
2133
2743
2488
2107
935
745
1517
1579
3010
2712
628
689
970
583
200
204
333
653
2957
2995
3055
2137
2709
2714
1838
1770
684
969
842
2182
1929
2569
3376
3250
2268
1572
3222
1738
998
686
494
3190
2934
1157
2465
2077
2397
2443
2338
1130
873
2386
2644
1131
874
2398
2087
988
865
525
519
1510
1577
1122
818
3223
2785
2852
1867
2313
2250
1739
995
845
773
1944
2763
3082
2635
2894
3575
1393
814
1382
1440
2032
2292
2422
3360
3154
3228
2808
2748
2735
2871
3197
1253
1438
1367
1997
477
559
1079
2053
2692
2470
3049
3304
2569
2951
2883
2190
2115
2117
2184
1805
1671
1440
1704
749
816
2984
3866
2774
3239
3179
869
630
877
845
1284
1733
283
470
3587
2315
2254
1804
2095
3101
3429
3551
3768
2232
950
1261
1329
630
590
3076
3398
2119
1954
816
716
3170
3368
3493
3494
3240
2003
1894
1962
2012
2270
2774
2831
1997
4040
4041
3786
3126
3850
942
1118
1594
2160
2600
844
1736
2134
2344
1428
907
717
406
873
1006
1074
1206
2554
1555
1675
2949
2838
2851
2472
2585
2926
2995
3168
3293
2759
2140
1643
1894
1968
2023
1967
1326
1391
2277
2069
3169
3297
2290
3431
3687
2870
2938
1950
871
724
2308
2884
941
621
2389
2892
2731
2669
3442
2965
2905
552
677
753
667
776
2747
2614
1574
2527
3784
2397
1628
2664
2847
3378
877
745
925
1928
1932
484
370
2682
2486
3846
2534
3171
2928
2470
878
677
801
493
496
692
359
2256
2514
1101
1616
1309
1689
2329
486
366
300
438
434
2804
3240
2412
2647
2902
2249
2839
2077
2694
2821
3157
3157
3155
3609
3609
3675
3692
3692
3758
3696
2934
2933
2870
2936
1688
1627
2015
2336
2635
585
552
1330
800
2106
2812
3569
3588
3269
2465
2462
2527
2530
1629
2577
3077
3667
2875
2616
938
605
1731
1482
1699
1833
3037
2910
2989
2614
2163
2146
2122
465
350
356
649
3439
3055
2675
1465
1590
2017
2273
2464
2600
1866
2187
3423
3422
3170
3170
3598
3787
3886
3885
3756
2314
981
2250
2311
2306
2823
1193
1056
1110
456
631
2840
3282
3344
3215
1047
1171
1588
2147
2274
2657
2985
3675
2298
2107
1645
1627
1315
1120
1170
3546
3869
3808
3719
3977
1044
945
2231
2987
2193
2370
993
988
526
2314
2314
2455
2291
2291
1910
990
671
525
890
823
826
1954
1267
1206
1462
2579
1031
1337
1398
1301
1434
2151
2161
2771
967
2649
3156
2316
1873
1620
2063
1568
946
3576
3452
2280
2390
1794
2053
2143
2716
2900
2767
2511
852
912
1097
1597
1956
1754
1450
1323
1431
2511
2315
2974
1260
1247
2214
1384
1561
867
804
732
1893
3212
2102
1846
1905
1427
1933
3184
2792
745
298
1533
1824
2016
3150
3114
1719
1567
1612
2723
2402
1264
1073
1079
790
604
528
784
718
2712
2975
1755
1226
1476
3143
3342
3202
3692
3374
3180
1653
1650
549
852
852
1312
3157
3408
3345
3523
1007
1911
2863
3175
3425
2326
1612
1484
3170
2267
3472
3915
3958
3706
1080
2656
2604
2440
966
897
612
933
1503
630
3459
2960
3212
3464
2071
2332
1234
469
476
1778
2103
1593
1596
1788
1722
2664
2402
868
871
2646
2831
3225
1943
1457
1783
1819
2335
3355
3674
1571
1698
3610
3672
2833
2521
3113
3313
3828
3768
3144
533
718
913
1069
1463
1592
1945
2070
1691
1893
2724
1872
3093
3092
1010
947
1113
798
737
1123
997
1573
1892
3163
3430
3367
1966
1583
1620
1820
2137
3529
3522
3833
3706
878
288
207
210
1539
1757
2709
3276
1584
1454
1769
1037
600
1515
1693
1427
1966
1448
1562
2089
1891
2526
2925
1782
1514
3015
2325
2277
2274
2325
2476
3191
3129
2530
2724
2847
1747
1882
855
2786
1766
1945
1768
1690
2079
1820
1823
1829
2597
1651
1269
1434
1435
3405
3433
3243
3539
2150
1636
2077
2727
2603
1064
807
1738
2183
3713
3953
3459
3140
541
289
3764
2518
1759
2466
2278
2729
2798
1246
1168
3467
3664
3674
3577
3322
2489
889
969
1157
1217
2753
2821
2182
2400
2917
842
2257
3026
3280
2743
759
563
1629
1573
2083
2844
3036
3166
3126
3129
755
620
582
712
585
2054
3256
3129
1808
2318
2180
2334
2208
3306
3290
3095
2001
1733
1666
1487
3384
3258
2211
2073
2011
2137
2707
3494
3494
2025
3300
3932
1800
1864
3870
3870
4003
3996
1700
1435
1801
1187
1182
1143
1012
878
2013
1236
1627
1561
2546
2477
2850
2567
2313
1038
905
1787
1630
1761
1568
1572
1507
1633
2424
3286
2831
1766
1573
3232
3556
3556
3556
1936
1108
1833
335
2795
3254
3508
2486
2356
1209
1508
2089
3366
2799
2797
1615
1867
2130
2005
1374
857
1254
1191
1312
2089
1957
942
1892
3229
3430
1650
2827
1508
2975
3165
2860
2932
1441
794
915
2470
3061
2838
3123
3189
2062
2246
1925
1612
1257
1270
1844
3218
2014
2199
2337
3340
3667
3629
2548
1011
2016
2526
2467
2397
1096
807
803
877
1332
2196
843
586
3145
2926
3120
2236
1596
508
253
2364
3067
3832
3928
1941
2128
2313
3145
3238
2657
2531
2148
2229
1000
481
550
436
2614
2422
2830
3410
3664
3856
3862
653
467
534
2265
2520
1963
1902
2553
1759
1828
1042
1730
1772
1838
2744
2803
1689
1244
1056
2088
2551
3253
1996
1677
884
977
781
784
1099
946
813
1398
1458
2395
2516
2696
2054
2027
2290
2204
1243
2597
3111
2078
2276
2708
2775
2513
3671
2867
2933
1965
1065
974
1605
3655
2758
2402
3177
3695
1976
2140
2899
3276
1395
1134
1258
1134
1359
988
1379
1497
919
2340
2336
1834
2143
420
398
519
2848
3374
3379
3800
1784
1783
1510
1450
1877
2540
1262
3346
3282
2670
2863
3948
4076
1810
1556
925
1034
357
154
348
557
2907
1230
1136
1269
1487
1610
1929
1421
2437
1867
1421
2805
2996
3830
2934
2271
2850
3594
1585
1452
923
1240
869
1189
2452
1713
1583
1922
452
2144
3151
3280
3267
3254
3184
1336
986
1227
1220
2114
1698
2018
1013
1015
808
3288
2021
2830
2505
2894
3026
2024
2710
2771
1704
1239
1579
1899
2406
2020
1578
1760
1376
1687
3127
3575
3832
3538
506
290
395
1614
1934
2316
1943
1955
1868
2121
1109
1171
2652
3180
3246
3057
2793
882
951
1582
1960
1354
1928
2400
1383
1322
1242
3562
3755
3592
2265
2911
2447
2270
2014
2456
1956
1308
2445
2883
2296
1981
2586
2340
1043
972
1141
1768
1952
2078
1870
2519
2583
1765
1704
2014
1102
1007
945
2711
2962
2768
3310
2705
2836
2704
3400
3472
3468
1924
1991
1868
2076
1741
1128
1316
1354
3692
3503
2741
2277
1922
897
570
3182
4007
3920
1749
1749
1924
1350
1095
641
935
3173
3615
3526
3329
3265
2007
1562
1562
1495
1941
3103
3356
1064
470
1354
2129
3402
3530
3344
3600
2450
3568
3761
940
688
472
1419
1219
1858
2113
1899
2454
3371
2791
3192
1756
1562
1128
755
2962
2532
2334
2276
2861
1953
2642
1866
1748
2821
3329
1720
2293
3508
2233
1868
1932
2190
2120
1738
2323
2511
3394
1588
1489
988
2120
1960
2030
1372
927
1799
2478
2016
1967
2376
2648
3247
2704
2525
2712
3095
1441
1302
759
721
657
657
675
677
841
2509
1948
999
792
1053
1245
1385
3045
2984
2461
2332
1382
1254
992
2858
2983
2285
1203
1584
1650
1239
3169
2351
2669
1266
2608
2604
3293
2667
1363
1170
1001
874
952
3173
3227
3223
3223
3229
2989
3057
3001
2875
2928
2141
2778
3034
1574
1456
412
585
3283
3492
3675
2907
1583
1457
2361
989
4033
2070
862
472
343
2599
2287
1967
1767
1706
1336
1723
1700
544
2066
2196
482
353
458
580
352
1719
3241
2837
2195
2320
1938
545
352
1762
1039
803
399
1735
1882
2397
2716
2647
2145
2034
1965
1014
1145
804
529
336
899
1490
1825
3411
3295
2018
1953
1167
524
1636
2679
3548
2915
2080
1251
1129
696
335
267
2456
1823
1755
2765
3139
3082
3246
3638
2340
1908
889
570
372
1563
1246
358
180
1903
3470
3216
1436
1497
1668
1541
902
1499
1559
1702
1940
2636
2082
931
736
1763
1892
1961
1772
734
800
3553
2789
1567
1935
745
618
1847
2041
3027
2832
869
349
990
1310
682
1036
1898
662
614
724
2450
2850
3042
2014
1766
1899
3121
2998
3004
2981
1370
1241
1196
1127
3364
3296
2536
1706
1191
888
889
1193
2707
2826
1948
1178
1585
1038
1035
1376
1778
1696
1691
1754
2018
1780
1630
1690
1163
1445
1715
3044
2148
2919
2793
1767
1182
914
975
2956
2851
2793
2662
2974
3082
584
516
1117
977
686
1843
2717
1768
1308
979
908
709
1964
2348
3180
2348
1382
601
535
932
1428
730
433
376
2538
2156
604
537
423
2143
1637
1838
1424
1359
3036
2277
2017
2277
1901
1903
1443
1812
1900
1902
2465
914
784
725
796
3358
3044
2035
2098
2100
1760
1569
849
1106
661
1826
1634
554
233
363
937
1490
1620
1877
2785
2530
2465
2790
2789
2536
1888
1831
814
2031
3367
3091
2209
1764
1759
1702
1243
1437
1436
3544
3799
1948
1365
490
228
454
2059
2448
3085
3233
2471
2029
1393
617
2078
2011
1516
1514
1893
2596
3022
3084
2632
1764
811
867
1124
2324
1876
1955
1637
1382
734
588
2759
2829
2390
2465
3045
3669
2087
1384
928
803
1318
1826
1304
981
805
870
1890
1828
1962
1371
1044
984
874
2021
1812
1052
868
861
866
1690
674
740
666
1688
1627
3167
2928
2672
1903
1333
1335
1333
730
731
730
2640
743
667
1183
489
524
528
983
1127
619
503
2156
2785
2769
2134
1706
1833
870
1039
1034
2251
2545
2680
2162
1065
1000
1895
3813
3095
2526
1702
1830
2262
1048
741
949
1118
1189
1751
1251
1240
918
1430
1941
2261
1049
1003
2286
2346
2284
2410
2291
2803
3035
3422
3121
1508
1318
943
756
2231
2160
2029
2030
2097
883
820
851
593
2968
3093
2090
1382
1195
1428
1491
1054
1058
3425
3616
2976
2611
4052
1098
966
644
1285
1555
1490
2229
2161
1441
906
773
853
1005
1078
627
626
2286
2079
2316
2506
2161
2078
1948
1824
2527
1954
1507
673
972
1674
971
967
965
970
966
971
692
759
2420
2013
1065
620
765
1334
1530
1213
700
1169
1564
1180
1617
1878
1693
2009
2072
2074
1887
595
538
609
561
1013
2545
2351
2140
2142
1888
3416
3293
3188
3126
1892
1383
1558
1737
1736
3041
3114
3239
3351
3296
3362
3239
3170
1179
280
99
97
106
2910
2848
3614
2973
2725
2788
3619
3792
3723
1749
1941
2002
3041
3475
3602
3363
3046
2919
2100
1612
2762
2950
2457
2146
2150
2212
2215
1578
1491
1050
611
1450
1579
672
482
2831
2637
1372
545
1449
1579
1644
3693
1880
1878
1311
1182
2649
2091
1692
1815
1246
2081
2390
1436
1181
1310
1245
1328
1205
1199
1130
1134
1199
1326
2149
3040
2699
1576
1194
1893
2087
2267
2328
2331
1119
1179
1006
3111
3289
2396
2329
2456
2475
2800
1562
1369
752
2977
3099
2703
2122
2406
2970
2972
3095
2922
2861
3283
3153
1054
1063
1054
1126
2466
2470
2921
1747
1182
1630
1433
873
875
1701
1824
2208
1633
1739
2058
2254
2293
881
3099
3299
1433
1106
1494
1893
2088
1518
817
3231
3299
2524
2084
1756
1568
599
453
450
1766
429
357
732
735
3147
2660
2022
2014
1641
629
567
3236
2973
2716
2092
2132
1294
613
945
2803
3176
3364
2677
3092
3023
2402
2407
1953
1573
1309
606
726
1245
1446
1391
1136
2257
2576
1952
1245
538
479
1569
2674
1951
2275
750
877
601
475
1356
2385
2446
3469
2596
2279
2975
1376
486
614
1048
2192
1763
2787
2159
1902
882
859
2771
2713
1506
1187
1905
1837
782
1805
1870
1441
1623
1879
1315
682
3293
3232
3228
2221
728
593
1096
854
691
3249
2664
3251
2359
1463
3405
2266
1686
2001
2027
425
555
2103
3112
2714
3033
2339
2468
2155
2167
2006
3216
2011
2722
3112
2867
3057
1192
1197
1587
1648
694
912
970
1554
2324
2261
2783
2844
2083
3039
2974
2783
1685
796
617
1459
2731
2793
2718
2455
2147
1386
416
738
738
799
610
495
737
2403
2337
1576
3298
3122
2994
1508
2212
1117
1698
2085
2100
2415
2457
2016
1887
1441
1498
1379
1953
1951
1503
938
424
403
790
1052
1891
2596
1684
1383
2278
2404
1563
1583
1399
180
247
224
402
597
595
983
940
1207
247
248
292
3362
3174
859
538
423
811
2398
2323
1925
1878
675
2147
2419
2360
3691
2911
2079
671
2471
1062
616
730
971
1004
225
154
3088
2269
2460
2537
2599
2727
2601
1873
1633
535
356
562
248
2800
2132
1763
1357
1229
3534
3239
1636
1822
2072
1573
1000
1183
628
1843
2101
2385
976
1120
812
625
427
789
269
1426
864
413
403
792
2076
2719
2985
2480
3239
3291
2532
1197
1326
1517
2252
1314
665
740
877
2228
2231
1081
684
1629
2504
2248
1502
1439
1629
1315
1198
2676
2899
2574
1934
1995
1934
1996
1751
1997
1630
602
532
536
542
532
614
537
599
605
613
1572
2596
2470
2399
787
2525
879
881
944
683
3046
2525
3485
3359
2083
1824
1377
2582
1695
402
336
811
1200
3549
3427
3175
1243
739
613
585
1516
1970
2983
2915
2033
1971
1905
1906
2036
2035
1381
786
1867
872
2339
2214
2207
1069
1143
955
1770
2516
2390
1667
3032
2901
2774
2581
1745
1871
1619
1001
786
457
391
323
327
330
68
71
716
774
776
2589
2841
2586
1771
2702
2826
2841
2731
2605
1260
684
875
2828
2760
2950
2126
1995
2061
1693
2018
1327
428
3037
3163
2218
1457
2107
1160
1158
2588
1289
1291
1030
1129
809
850
775
2574
2453
807
809
2285
2520
2327
2642
998
2404
2852
1120
983
741
2257
2316
1316
1060
1643
2679
2598
2788
2337
2332
1255
684
2228
2162
1905
2233
2234
3299
3115
2985
2003
1944
1443
348
398
2834
2644
1640
2364
2494
2234
2236
1721
2809
2732
2726
1318
1380
2193
2124
2127
2054
1988
1992
2058
2574
2502
2436
2758
2955
3023
2027
2856
2922
2474
1870
929
368
1897
1579
2794
2989
2806
2354
1322
1515
919
981
2982
1432
1257
410
1138
439
2677
2809
3025
3148
1874
784
540
1298
1837
739
166
524
845
1125
1961
1900
2605
2732
2670
2108
1084
828
2908
2006
1484
679
799
805
942
865
2610
2472
1531
681
614
780
1416
2316
2214
2022
2276
1303
852
845
2343
2214
1653
1127
1384
725
1577
1777
1841
2737
2798
1649
1905
1703
1758
2202
1368
356
339
1040
2631
2789
3234
2098
1815
1877
748
367
662
813
1749
1942
2218
2099
1813
1178
2414
2605
2666
872
743
1754
2515
2708
2635
688
753
2252
2185
2828
2790
2210
2272
929
994
748
625
931
993
1549
3273
2720
2783
1834
1970
2100
3783
3971
2081
2581
1821
1131
1761
2853
2918
2922
2932
1849
1340
660
1165
1425
2013
552
298
357
499
496
501
2344
2714
1501
545
668
472
2785
3175
1953
2018
1690
558
490
3556
3611
3610
3439
2808
2807
857
362
1072
1907
2225
2463
2462
524
31
28
1997
2696
3269
3265
3201
3330
3462
1513
477
2514
2589
2089
1831
2358
2291
2619
2972
1929
614
2908
2337
2987
2992
2803
2546
2546
1463
414
465
586
646
395
269
221
227
365
1243
619
366
300
3301
2979
3045
2156
2094
1108
667
1746
1807
2027
2094
1436
1057
1204
1397
3026
2900
1248
1057
1178
1463
1527
2485
3603
3533
2839
2901
2020
1953
872
625
563
2662
2914
2973
3680
3807
3614
3913
1864
844
904
1310
1181
997
1117
781
2312
2188
2137
1907
1847
1117
1017
825
823
1207
1334
1118
1288
1478
1539
1479
1568
2390
2142
1626
1689
1323
564
497
2221
2780
2648
1877
1635
1867
1555
2065
1696
1445
1184
1843
2407
2841
3031
1762
872
413
540
974
1034
786
785
849
1452
1261
1625
2773
2764
2379
1502
1562
1687
1197
1321
1688
814
494
299
303
2002
3534
3282
2665
2099
1908
2340
1105
1369
1310
531
400
1182
1462
1584
761
2839
3148
3106
3294
1997
1479
2320
1573
660
786
1634
1686
1502
1048
1632
1501
982
721
942
2583
1435
676
657
2643
2588
1496
595
1616
2396
2588
2352
2927
1708
1389
1256
1195
688
3221
3346
2284
2409
2599
1591
1461
1361
1485
3020
3172
2536
2268
934
925
1821
2729
2619
439
904
1091
3091
2898
2602
2992
2920
1397
1250
596
491
2653
2103
2287
1462
1596
2341
2641
1784
1596
922
1039
1635
1127
1814
1292
1283
1316
1951
1877
2143
1877
2080
1587
427
2010
2072
485
591
845
2704
1895
3118
3120
2920
1653
1566
2011
2070
1117
606
673
931
602
600
682
1131
2536
2596
2591
2410
1947
1696
1691
1569
1445
1517
550
415
464
452
3357
3366
3240
2351
2096
2361
3383
3127
1580
1390
1174
2004
2012
1451
1454
2219
2142
1578
1454
1179
1108
1242
1495
1586
1260
1743
2638
1738
1735
1560
2478
2928
3181
3026
1802
1800
1508
1395
985
920
2776
2144
1819
920
539
1881
2193
2213
2088
1133
2038
1243
1509
2023
1446
3094
1382
1333
3177
2144
2139
3464
3152
1509
744
542
412
928
743
1739
3340
3044
3106
2456
2075
1818
1448
676
286
1177
866
1129
2210
2663
2472
1509
1491
1293
990
867
692
570
2867
2837
3223
2657
1163
2517
2776
2791
1582
1388
755
1163
2713
2451
1099
1629
2524
2843
1452
492
651
775
1873
3341
3415
3476
3176
2871
748
686
647
602
1775
1524
2150
1520
1594
1593
3219
3275
1938
1431
1542
1667
2008
3424
3242
1592
1594
1656
1897
2919
2985
2983
2985
3052
2919
3116
2803
1625
1251
995
1008
1884
1419
1159
1360
1159
1226
2186
1948
1754
2480
2349
2789
2850
2972
3034
1376
1441
1246
660
3221
3419
2901
3356
3106
2662
2354
2484
2038
2013
2215
1170
724
593
336
2773
3044
2741
1773
1457
1398
3298
2285
1376
3111
2283
1376
424
1891
1440
1379
1437
1314
812
2158
2088
1376
1573
618
301
3237
3421
3293
3149
2653
3294
3430
2798
1837
1650
1645
2147
2264
2773
2077
2138
1958
2151
1126
2263
2139
2936
2739
1911
2902
935
805
678
1267
2397
2463
1768
1830
2654
2591
2717
3553
3614
2710
3542
3402
2071
907
854
540
606
2005
2153
2300
2684
3179
2198
3805
2455
2071
2148
2272
2015
1509
1382
2211
2167
3052
3432
3556
3679
3985
2977
2911
3369
3381
948
436
357
333
997
1961
1838
1752
1620
1901
1120
1182
2647
3857
3973
4040
1961
1901
2425
1099
1234
744
748
3185
2930
2870
2936
1960
2027
2026
1682
1100
1162
1968
2099
984
2442
1994
1673
1889
2653
2404
2148
3113
3605
1064
656
463
465
395
403
540
602
679
1015
2151
3541
3483
3117
2086
2153
991
545
461
2772
2714
1291
1234
1238
1300
1231
1301
915
781
904
902
676
2527
2330
1625
1577
2014
2202
2398
2405
2408
1827
1065
1200
1327
1508
400
90
156
155
228
226
90
1934
1813
1509
1889
1200
689
2909
2660
2098
1973
1334
1143
1106
971
1119
1891
2019
1626
1509
1058
2720
2904
1439
1372
1389
862
2720
2591
3788
2723
2657
1454
991
3025
3347
2859
2860
683
600
1102
409
471
1947
1757
1624
1257
1133
2481
1829
409
470
3349
3357
3422
3310
1508
1635
603
1444
537
1444
1579
1578
1692
803
782
673
928
926
1877
1752
1441
992
926
926
1312
2407
2665
691
374
2860
2794
2792
2738
2801
2730
2737
1961
1643
2145
1513
1371
1437
1554
2705
2468
2012
1940
2713
2483
2488
2385
1805
1435
1383
2157
2519
1557
855
726
602
348
1498
1513
1299
1116
987
1770
1641
1385
1318
1137
1237
1677
458
1574
1121
621
2861
2796
1847
2022
2059
1955
2059
2084
1866
1805
3469
1949
1702
1614
1611
907
807
813
251
570
1829
2470
2726
2917
3110
3562
1181
979
912
1037
599
1387
2727
2856
3540
1559
1322
1648
2022
1959
1937
609
618
932
3545
3484
2850
1574
1568
1956
2013
1948
657
403
390
385
1827
1004
544
2130
2580
2451
2587
2713
2715
2283
2214
1719
1754
873
498
351
1624
2400
1690
1499
1322
3124
3449
2679
950
685
2582
2828
2256
1810
1866
599
1331
2356
3123
3115
2703
2384
1870
1813
1650
2230
2219
1587
1514
1554
988
929
1397
1583
1454
1333
2038
1718
2190
2250
1554
1409
2120
1217
1633
1489
1434
561
758
675
784
738
2776
2584
2350
2995
1952
1891
1370
591
584
1073
1396
2422
3442
3623
3304
3751
1519
1201
1266
1057
1046
1236
1234
1038
455
546
426
1624
1324
1336
3433
3356
3224
3310
3635
3374
3774
4079
3731
3273
3143
2586
2790
2537
590
395
2645
2842
3144
3284
3396
3832
3449
3388
3897
1770
1832
1762
2128
2250
3554
3237
3370
2164
1205
949
2138
2003
911
395
745
955
1521
1505
1493
1292
713
337
458
1006
1653
3892
3313
3101
2518
2123
2248
2018
1941
1105
1351
3440
3303
3638
3617
3479
3084
3172
2914
2136
1701
1626
2078
1814
3015
2760
3095
3166
2204
1557
1646
3448
3376
3112
2915
613
418
1564
1801
839
2763
3025
1313
925
846
2124
2465
2214
1187
1380
1767
2483
1684
975
197
587
591
1259
753
633
692
1392
802
662
583
1013
2168
4015
3687
3744
2973
2233
1711
738
1632
1241
1678
2635
4071
3699
2039
1080
946
1002
1252
1179
1200
1426
779
1308
1511
1649
2661
1756
2521
2789
3570
3764
1504
2915
2786
2854
2855
979
586
262
590
1012
1967
883
569
849
1292
1809
2078
1767
820
632
659
971
2254
3417
3627
3121
3831
2014
1944
1622
2966
3097
2964
3111
2966
2898
1432
1177
2031
2421
2361
1307
793
796
3489
3372
3189
2037
2800
3310
2353
2728
1259
754
354
719
715
721
598
1698
554
362
2354
2932
2935
2576
2249
2056
1951
615
1227
2502
2312
3305
3257
3706
3584
1780
1517
1803
1880
1303
1037
649
877
820
2602
2591
2027
2155
1956
1875
2572
588
336
937
1335
2427
2171
3254
4085
3730
3537
2637
2445
1552
1254
1573
1383
745
800
525
651
2763
2765
3232
3182
3383
2995
2355
1638
1066
332
205
73
1109
1112
1617
205
137
136
10
69
1314
803
730
1166
2652
3105
2724
2467
2732
2800
2032
1771
1812
1934
2462
940
692
695
1615
1800
3077
3816
3630
3516
3776
3648
3520
1445
1130
1332
1656
1488
1420
1410
3744
3433
3313
1891
2262
914
523
789
1701
1893
1779
1958
3318
3315
3306
2824
1257
1053
1119
2345
2410
2355
1510
1322
1075
1013
1848
2229
2089
2087
2089
1877
1428
1365
1117
1186
3233
3104
3671
3927
2864
3057
3040
1297
1760
1438
1803
1863
1646
1455
1969
1973
1970
2674
2546
3059
2546
1377
1109
1037
1233
1613
1547
1608
1442
1635
1736
1606
1993
1769
1627
1579
941
1455
1199
751
683
1307
1489
538
859
2207
2339
2349
949
757
611
605
595
657
524
2184
2061
3149
3283
3429
1694
666
590
522
138
394
526
1956
2146
3179
3435
3561
3564
3308
3435
1759
924
1180
1300
1108
2774
2907
2911
2980
2856
2987
3746
3675
3604
3468
2650
1869
1356
2057
2702
3368
3187
2099
2025
2344
1572
1107
711
262
264
858
884
1446
1332
2617
3513
3383
1497
1430
1304
1952
1504
1505
2352
2666
3641
2733
2351
2094
3161
1817
526
390
1525
2788
2285
2282
1945
2957
2572
2332
1389
1069
1177
1874
2700
3029
3100
3298
2397
2329
1324
821
695
4085
3361
2444
1932
1798
603
747
1433
1502
3424
3284
1697
991
1063
1826
2468
3178
3064
2362
1443
1684
1107
1109
1107
1259
1393
1567
1367
1696
1641
1461
2033
2532
2401
2650
3276
3399
3205
3201
3203
1501
3234
3557
2931
1461
1073
1504
1105
1883
2855
2979
1627
862
883
3126
2358
1914
3833
3826
3679
3022
2629
1558
1424
2256
1301
1498
1055
1517
1331
824
424
412
267
69
285
1120
860
855
2415
2993
4088
4086
3495
3554
3368
1375
1612
2052
1574
943
1018
828
817
783
582
1222
846
2785
3106
3343
2259
1937
2188
1050
1072
1786
1266
933
986
969
1053
3635
3315
2924
1632
936
813
948
1973
2034
924
593
3356
3409
3559
3692
3811
2342
1696
1821
2351
2204
1826
1589
1589
1643
1761
1752
1362
531
607
2214
3180
2344
2530
3054
2219
3182
2218
1970
1047
932
618
2526
2798
2612
1976
1014
1697
2002
1864
1609
779
2016
2133
2260
2783
3113
2324
1936
2390
2388
1998
928
943
1461
1203
2043
3008
3456
3582
3386
2199
2704
2638
1949
799
1647
2103
3120
3425
2144
2072
1308
1298
722
1370
1576
1586
1582
1510
1555
1420
523
205
611
689
821
1204
1392
1448
1695
2208
2467
2524
2583
2510
1135
1335
502
441
423
920
1172
1613
1800
2052
1413
1479
844
1884
671
791
2139
2271
2281
2355
2169
1908
752
742
798
865
871
2134
1582
1386
1441
1244
987
861
1754
2133
3818
3227
2957
1178
1697
2386
2574
2700
2124
3438
2167
3436
3047
2916
3437
3562
1201
1204
1002
1257
1944
663
524
463
626
696
2042
3578
2926
2732
2466
2075
2065
1832
1120
1105
1362
1630
1259
814
949
1275
1142
750
2609
3766
3699
2795
1317
1389
2450
2447
2569
2758
2390
2141
1953
1868
2001
2863
1700
615
759
677
662
1168
852
795
1525
1400
1460
2272
1302
980
723
880
1143
1848
1562
1173
1171
659
853
1247
598
338
674
1073
1394
2986
3357
2137
1312
1334
887
1811
1420
1125
1258
1586
1138
878
2034
2810
2426
2034
3349
2710
2470
1641
1896
2195
1746
814
1080
2363
2294
2265
1937
1287
2388
2581
979
395
264
332
1699
2026
2343
2864
2810
2931
1948
1770
1388
875
2092
1708
2391
2450
1994
2056
2636
2897
1389
686
495
972
903
905
912
1501
1381
808
2273
2910
2714
1049
720
586
656
872
880
883
2973
2915
1452
1074
1063
1431
1817
1491
2135
2124
1746
1946
2337
2548
2356
3041
3096
2892
2507
972
988
1635
3183
1443
1183
1381
1261
945
1528
1457
1881
2516
2956
1934
2066
2128
2125
1924
1991
1993
2058
2693
2959
3434
3113
2341
1128
490
1004
1707
1259
821
631
420
469
599
1680
2958
2889
2844
3049
2798
3382
1892
3042
3300
2805
3126
2317
1360
1929
2309
3164
3235
2996
1774
1007
1210
1016
529
654
522
2954
2518
2595
4058
3595
3465
3382
1944
1293
1876
1100
653
861
1065
997
994
1688
2906
3470
3659
2341
2470
2405
1326
1211
469
395
656
394
393
719
2693
3049
3424
2862
2478
2807
3129
3184
3361
3294
2906
2841
2270
2455
2579
2641
2471
2477
2100
2035
1006
813
1499
1618
1813
2167
2170
1723
1445
805
1769
1699
2665
1312
814
1014
1564
1486
928
1059
1138
2485
1917
2216
2846
2720
3216
3463
2340
2452
721
466
602
604
397
812
1013
1206
2038
2022
2719
3171
995
488
554
693
688
488
481
1947
2319
1932
970
1690
2505
2694
3157
3155
3674
3758
3157
2967
2336
2080
1633
2400
1361
1363
1579
1370
1301
1425
1488
2316
2593
2845
2331
1883
2026
2355
2089
1440
1116
671
1867
737
421
2334
3502
1845
1655
809
478
465
396
522
1803
1995
2117
3670
3546
3290
3621
3821
2619
1464
1008
823
624
788
401
1556
2188
780
1445
1525
1890
2014
1591
1524
1811
1556
2831
3670
3865
3924
3123
2944
866
748
1009
1013
1913
2461
1179
1229
1183
1053
1744
1995
1053
870
1080
2040
1847
1979
1585
1398
1526
1145
1082
698
741
787
582
2129
2452
2072
1752
2094
1438
881
696
4088
3705
4084
3612
3159
2393
2445
1798
1223
775
1885
2061
2251
332
453
197
267
261
682
1465
1852
4096
3440
1448
1261
1387
923
966
989
1256
2587
3100
1969
1271
1328
1386
1444
939
683
555
488
846
1743
1526
2098
1907
1147
2226
2855
2905
3215
3242
2858
2640
2957
3354
3428
3369
3055
2038
1527
1145
953
930
1118
1179
1182
986
1503
591
822
696
952
655
526
948
633
1144
1311
922
393
209
422
561
2486
4089
3179
2342
1197
1518
1589
1134
2205
2203
1236
976
1066
1202
1568
1694
1508
1580
1847
2362
2683
3898
3373
3546
2697
1608
2505
2502
2504
1609
1386
1462
2038
2767
3212
3466
1233
658
2019
2155
2096
1878
1760
425
1080
2873
3125
3064
1871
1350
2920
1589
872
915
735
878
944
949
1076
1567
799
739
1831
1246
1501
1502
2279
2664
2149
1900
1646
813
934
927
470
333
415
629
699
1401
2681
2663
1891
2654
1707
1645
785
1098
774
881
1721
2170
3629
3108
2194
1356
1482
1524
2042
3067
3183
2540
2221
1947
3841
3777
2000
848
2369
3713
2795
2294
3002
2344
2722
2718
2712
2708
1890
1766
2149
1765
1188
808
419
3112
2666
3169
3232
1742
1421
1105
2999
2487
4090
3897
3431
3297
1764
1251
1444
803
1043
1106
521
820
954
3063
3495
2854
2790
3675
3414
3158
2854
1839
2616
1712
1582
1168
1102
2138
2205
2386
2579
3344
2086
1390
750
1053
716
585
1620
2330
2830
3256
2486
2230
1461
2014
1515
1456
1721
1711
1700
1812
1676
1933
1228
1315
2986
1693
2087
3999
3933
2218
1769
1379
1362
1292
1487
1349
1422
1374
2012
1690
1693
1689
1298
1033
2124
2865
2607
2790
1916
1786
2076
2326
1504
742
1826
3291
2901
3549
2672
2231
3294
3420
2650
2578
2765
1863
904
655
343
609
1769
1594
1597
3305
3429
2981
1108
595
1482
1180
1109
1114
986
2088
1441
1942
2088
3175
1968
1203
826
623
536
392
1633
870
1074
1521
3112
3292
3557
2931
2491
2926
3159
2701
2116
2413
3063
1652
1191
2074
2057
1256
1072
1139
818
745
1296
970
713
518
1039
2006
2145
2134
695
310
312
3828
4083
4071
4069
2940
2684
1691
1425
331
405
344
550
629
2999
2551
2810
3066
3641
3573
3445
1655
1398
1330
1384
1570
1755
969
1262
1336
2874
2743
3644
2777
2583
2189
1359
1955
1678
1417
1476
1538
2480
2293
3445
3245
3688
1203
1009
1183
1234
1551
1166
1803
2007
2057
782
1415
2246
2271
2353
2361
2237
1400
1724
2997
2924
2601
1822
1366
1227
722
1445
1582
1849
1788
2613
3059
3496
2198
1173
972
998
944
1017
2743
2604
2537
3306
3241
3504
2533
2265
1696
1104
1231
1585
2677
3820
3089
1938
1491
854
654
1386
1262
550
978
1033
3153
3155
2981
1784
1468
1081
682
414
219
1644
1714
1327
1162
792
3239
3562
3040
3088
3274
3223
2708
2513
1373
522
633
761
635
1766
2784
2656
2131
1993
3597
2263
2191
1374
1253
1383
1645
1969
1827
871
794
1099
2188
3511
3639
3617
1070
1078
1082
1276
2730
2347
1438
1999
719
476
691
2932
3574
3897
3956
2581
1813
1753
1044
1433
2073
2071
2058
1289
1833
1072
427
409
397
393
1774
1455
2364
2979
2785
2400
2334
3483
3682
2386
1554
1238
1831
1772
2023
2020
1357
1353
1768
1202
1331
1008
852
1301
1174
393
538
945
1134
1376
1184
2576
2376
1736
2100
1912
1467
2045
2990
2983
2912
2652
1552
1230
973
1443
1444
3436
3949
4083
1335
570
763
1129
1124
1253
1232
1984
1561
1039
974
1289
997
806
936
938
942
696
571
2157
1942
1627
817
755
759
632
1060
850
524
3535
3224
3229
3817
2672
1440
1206
1081
545
662
409
751
4082
3762
3121
3553
3476
2949
2374
1669
327
135
818
1694
1500
686
562
411
649
646
786
2839
2822
3173
3445
1746
2317
3078
2565
1711
3572
2870
2552
2191
1230
1283
2313
2515
2732
2799
2086
2031
2423
1718
1460
1581
2736
2573
2251
1632
1623
2735
1839
1206
2038
1013
805
787
803
804
1884
1317
1064
809
880
945
2527
2701
2766
2631
3496
3106
3248
3057
2463
2540
2600
2219
1458
1460
1332
1522
2848
2842
2579
1423
1172
981
803
679
806
2014
1172
1195
1389
3168
3363
3245
3822
3527
2886
1095
456
2840
2842
2398
1643
1705
1498
1305
472
2707
2973
1959
1208
1336
2483
2470
2199
1706
2128
2191
2129
2133
1816
2072
2595
1942
2528
2803
1718
1955
2094
2029
2030
3384
3302
3181
2014
1950
2144
2517
2377
1825
1321
1041
1489
1684
1685
1940
1233
1701
1824
1763
1825
1565
912
530
404
481
630
1974
2551
3323
3056
1692
1626
1902
2099
1569
1877
2005
1825
2133
1876
988
862
1631
862
1052
1180
2135
1936
2465
2036
1635
1697
1826
1178
726
674
819
885
1446
1688
1879
1624
776
2915
2406
2022
2083
2210
1269
1079
883
687
1309
2380
2892
2260
2452
1571
1572
1648
1778
1499
1435
1563
1431
844
2532
2726
2531
2579
2887
2761
911
784
1121
1073
1462
1592
3133
3387
3760
3822
1568
2030
2285
2464
2582
2889
3336
3537
1183
1250
1251
1381
1631
1636
1763
1635
1764
1572
2018
2828
1553
918
601
927
1887
1960
2030
1749
1939
2256
2128
1367
721
534
669
657
2784
3175
1973
2226
1384
1256
1513
2216
1825
1684
2260
2074
2020
2150
1777
1647
1068
745
1949
1888
1698
1125
1135
1520
1456
1457
1397
2034
1955
1883
2093
1710
1303
1999
2253
2763
2972
3761
1013
687
555
1189
1306
1827
1828
1957
1956
2638
1826
1764
1827
1828
1811
1676
1610
1572
1382
1057
1820
2012
1443
1447
1057
2482
2800
2914
3167
3424
1956
1765
1762
1768
1963
2034
1905
1839
1974
1145
1374
989
803
1137
1137
1905
1826
2866
2804
2476
2979
2397
1823
1619
1574
1889
1646
1837
1425
1357
1063
1063
1317
2715
2396
1826
1893
1893
1906
1843
1847
2488
2485
2292
1779
1076
1205
996
1190
1693
1254
1129
1119
1178
1112
1127
1192
1267
1130
1128
1122
986
1819
2089
2023
2090
1511
1445
1685
1942
2441
3018
1098
1161
840
531
941
1068
534
1366
1235
1031
584
392
840
1224
1235
1236
3543
3863
4052
1688
1236
2418
2742
2931
1328
1201
1761
1456
882
1072
1651
2610
3304
2699
2507
1932
1948
1886
1762
1700
2397
2590
2675
1782
1588
1204
758
1298
1229
1293
1732
1477
2023
1960
2025
1951
2270
2074
2069
2472
2406
2790
2792
3248
2543
2478
2479
2208
1504
1568
1762
1698
1697
1830
1434
1179
987
1043
465
270
292
233
1570
1827
2848
2781
2589
2844
3296
2269
2655
2721
3289
3539
3467
3470
1484
1946
1943
2020
2282
2279
1887
1684
2508
2509
3213
2469
2019
1759
1503
1182
1309
1309
1245
1753
1749
1688
1563
1884
1814
1771
1452
1950
3233
3040
2402
2081
2147
3104
2338
1958
1830
2023
2015
2138
2073
2203
2202
2332
1254
1070
1877
2272
2332
3097
2929
2539
1132
2065
2127
2059
1989
2060
3094
2271
1064
816
568
435
298
1308
990
999
2145
1746
1105
1631
2016
2208
2146
2402
2147
1632
1623
1574
1642
1462
2097
2036
2527
2715
2315
2059
1868
1738
1733
591
529
784
2198
2325
1496
1374
1311
1199
944
1332
1523
2744
1824
1621
1047
1113
925
863
692
1393
2021
2083
2589
2588
2784
2764
1953
2214
1888
2663
3648
1819
1886
1761
1570
1193
1133
2740
3114
1697
1825
2144
2213
2208
2704
781
879
1016
933
1005
941
1825
1376
1504
2001
2191
2189
1745
1632
1505
1118
1196
1256
1582
1774
1632
1377
1744
1806
593
590
1312
1185
1757
1374
1248
1315
1772
2019
2536
2013
1886
2266
2541
3060
2551
2424
1465
996
732
660
1033
724
688
562
2017
1696
1572
1317
1706
1900
2103
3053
3252
3616
3028
1746
1874
2002
2852
3115
2298
2614
2165
1643
1259
884
742
1379
1697
1360
1826
1889
1887
1953
2084
2082
1890
1700
1824
1706
1890
1499
1888
2208
3056
2094
2145
2930
2895
2186
1673
1431
1501
1509
1249
1382
2077
2441
3417
2312
846
1234
463
746
1333
1526
2487
2293
2422
3065
3379
1496
1111
857
797
742
1260
1389
1183
2145
2401
2461
3435
1463
696
312
1185
981
1125
1444
1821
2069
2261
2131
1815
1829
1446
998
1956
479
413
3551
3887
3770
2863
2403
2663
2662
2472
3346
3535
3182
1653
1268
1068
725
535
1374
1139
1761
1310
1321
1067
1506
2230
1445
1247
1247
2009
1387
1517
1455
3113
3239
1631
1692
1894
1776
2357
2354
2170
2167
3268
3463
2375
3703
3827
1830
1443
1376
2669
2643
2576
2864
2580
2583
2076
1638
1260
1198
1533
1268
1616
1696
1571
933
676
536
532
470
541
867
1955
2017
2273
1569
1952
2078
1758
1135
881
2291
2546
3113
3475
2575
1740
1479
1287
456
1952
1826
1333
1267
1264
2680
2483
2291
2351
2608
2973
2188
1614
852
2136
2009
2223
1970
1905
1907
3113
2599
1956
2341
808
1815
2261
1832
2152
2550
2418
2980
3175
3161
2271
2339
2340
1564
1436
1889
2212
2213
983
946
3505
1690
1695
2010
1766
1641
1706
2028
1831
2021
2526
1384
1373
2128
1951
1830
1501
937
1772
2352
2857
2787
2728
2403
2320
2187
2183
1565
1575
1012
855
1958
1823
2096
1071
871
868
1619
1813
1687
1814
1880
1633
2145
2160
1754
2517
2911
2858
2973
1771
1509
1444
866
939
1739
2426
2300
2687
2064
2126
2193
1823
1833
2278
2767
2827
2694
2006
1191
750
1072
1967
2525
2323
1305
1366
1625
2014
1759
2726
2741
2485
2149
2728
2717
1752
1941
2066
1758
2015
1887
717
1885
1888
2281
2153
2094
2273
1760
1898
2205
1698
1751
1680
1877
994
1901
2226
2869
2265
1424
1895
1563
1490
1490
974
784
871
934
936
676
535
597
2214
2342
2343
1494
1354
2332
2568
2803
2606
2860
2030
2209
2222
1629
1751
1810
1800
2338
2403
2154
2099
1895
1826
2152
2803
2669
2599
2540
2266
2443
2508
2121
1114
1244
1564
1631
1953
1808
930
1008
933
1059
1058
1008
1908
2291
2406
2656
2722
2472
2275
1762
1063
873
615
1572
1956
1966
1838
1559
1819
1820
1819
1756
1884
1882
1947
1760
1825
2089
1954
2319
2695
781
1109
747
492
490
491
494
1006
2343
2794
2980
1310
992
1264
1459
1008
1960
2227
2683
3213
3345
3014
1863
915
1675
1867
1869
1115
1255
1632
1309
1889
1388
1390
1198
546
353
342
396
3554
2096
2779
3345
2661
2080
1758
1392
1893
2147
2584
1055
1117
934
1968
2068
2066
2452
2581
1625
1370
1271
1462
1143
1130
1896
1501
1309
1759
2393
2548
1970
1714
2020
2082
2130
1990
1734
2545
2215
2027
1759
1886
2321
2376
968
583
1391
1774
1824
1322
1323
994
1824
2075
2904
2906
2957
2507
2314
2142
1569
1700
1764
1958
1882
2249
2380
2447
2705
3041
1822
1374
1183
1528
1647
1398
1648
1084
993
1893
1701
1441
1632
1697
2468
1318
1572
1378
1484
1476
1030
1769
1964
2028
2292
2784
3082
1698
941
1323
1900
1764
1569
1698
1568
1824
2016
1380
2533
2463
1758
1568
1501
2029
1759
1693
2571
3359
3120
2864
2736
1952
2143
1814
1366
1322
1653
1845
2810
2078
1943
1677
1698
1569
1696
1759
1631
1695
1696
1631
2351
3249
1765
1263
1076
947
1012
800
3302
3239
3176
3352
3461
3289
3289
3272
3277
2694
3849
3975
3987
2019
1896
1707
1829
2014
1951
1892
1770
1955
2082
1894
2325
1953
2149
2477
1584
2586
2602
2221
2215
2282
1177
984
2464
1951
1631
1695
1759
1948
1759
1766
2215
3101
3213
3215
3154
2989
1509
1509
1563
1821
1817
1060
871
355
808
808
2144
2282
2467
1949
2663
2471
2407
1699
1509
1506
1372
1112
983
1172
1298
1354
1356
1948
972
971
2784
2854
3315
2615
2610
2848
2790
2588
2716
2278
1324
1950
2327
2518
2955
1800
1672
714
663
745
748
949
1652
2145
2851
2204
2011
2007
1607
1413
843
413
2139
1947
2344
2599
1639
1772
2155
3681
3870
3997
3873
3811
4000
2509
1803
1611
1417
1102
854
466
1819
1162
1097
1034
2410
2413
2350
1787
1820
1562
1426
1756
1690
2272
931
2396
2524
1569
1439
2464
2081
1758
1503
1313
3046
3177
3091
2967
2862
1846
572
676
662
472
1955
1764
1708
1637
2329
2511
1635
1764
1650
1644
2259
2638
3424
2153
2139
3000
2933
2773
2054
1929
2017
2274
2462
2337
2146
1889
931
1253
1696
2078
2334
2014
1764
2006
1748
780
779
783
721
539
1143
1147
2012
2070
2070
1820
1685
1868
2123
2892
3216
3223
2917
1187
1063
871
1193
1321
931
864
2200
2456
3537
3859
3978
3911
2571
2324
2202
2022
2027
1965
1753
2155
2289
2545
2992
2728
2661
2883
1862
1548
911
1037
1100
2262
2135
1694
1312
2397
2206
2288
2024
1946
2135
2441
1950
2328
3548
1629
1766
1833
1701
1692
1058
1060
1699
1713
1915
2675
2454
3021
3087
1546
1419
1233
1046
921
929
923
1765
2080
2800
1955
675
658
649
591
1757
2079
2341
2609
2550
2487
3427
3219
1892
1262
1117
1424
1617
3030
2414
1775
1782
2209
1637
1682
2514
2224
3123
2401
2402
2079
2528
3723
3598
1495
1561
1500
1438
1187
1645
2095
1454
2016
1947
1820
2061
1867
2190
3154
3153
2667
2606
2290
2041
1720
1594
1637
1506
1698
1698
2022
2090
2917
3294
2765
2768
2833
1816
1514
1447
1682
1815
1227
1477
1008
1143
1519
2998
2929
3257
3320
3318
2323
2390
2405
2160
1909
1585
1454
1377
1308
1757
1712
2641
2517
2452
1235
915
718
477
1453
1768
1768
1382
1174
922
997
923
1952
2019
1848
1517
1891
2019
1955
2014
2086
1893
1509
1189
932
1166
1164
1292
1357
1379
1382
1952
1891
1610
1480
1292
1036
1366
327
317
1448
2343
2664
1883
1881
2009
3209
1949
1757
1876
1942
2002
1695
1569
1696
1761
2716
2906
1810
1808
1645
2277
1903
2089
2038
2192
2254
2185
2314
2713
1824
1565
1499
755
627
488
349
691
2097
2543
1956
1951
2861
2474
1875
1587
1964
1705
2073
1770
2460
1765
1647
1773
1628
1567
1427
1366
1363
1181
990
1518
1585
1969
2609
2212
2535
2988
3121
2599
2469
2459
2320
1558
1433
1115
802
1886
2269
557
359
463
905
2387
2206
3192
1949
2206
611
1003
2542
1126
995
1461
929
1076
928
856
538
457
1544
1929
1546
1612
2120
1173
1616
2123
3034
3224
3362
3429
2735
3629
3443
2675
1909
1135
2843
2972
596
268
418
431
1906
1585
1556
1873
2726
1913
1211
890
823
2687
3117
2589
2451
2249
907
796
763
831
509
732
520
522
2019
2468
2909
2000
2194
2953
2566
524
211
682
677
1973
2157
1015
1113
866
1046
1298
1363
1636
1267
883
1344
1234
1429
1431
1750
1289
1227
3151
3417
3488
2677
2676
1502
1426
1163
402
355
230
373
1134
2165
1648
2662
1707
2199
1824
1435
1911
1907
307
38
223
900
839
1670
3226
2833
3685
3874
3381
1778
2271
866
1403
2240
1600
2104
1713
2704
2320
2191
3478
2778
1617
1744
223
1140
1721
2385
1744
1615
1737
1615
2578
1616
1874
1561
661
712
1093
1223
2521
2727
1562
615
484
824
1917
1311
1016
760
930
1178
781
2513
2657
2083
1250
1439
1525
716
2128
2127
3185
3701
3562
561
481
654
1751
781
584
519
1925
2182
2985
1268
951
1272
1529
2857
1689
1121
1244
914
721
617
1198
1835
1643
1372
1955
2403
2277
2539
1621
1236
2701
2969
2533
2552
2550
2989
3366
3085
3211
2567
734
1011
1776
1116
667
670
601
985
2101
2099
3174
2597
2663
3502
3494
3484
3226
3466
3656
1699
2731
2741
2292
1507
536
853
343
334
718
1952
2127
2508
2311
3225
3176
3167
3164
946
675
792
1725
2743
2547
1544
1226
1692
1048
1692
2637
2785
1902
1083
564
814
1261
237
481
474
1765
1809
1551
2572
2569
1785
1983
1125
591
2708
1253
930
1313
1321
1775
1719
2959
2703
2199
918
524
780
548
1759
1550
784
854
2262
2647
2658
2590
2924
2729
2917
2662
1189
1057
741
798
669
925
1103
1106
1996
2122
2379
2839
3025
3055
2804
2277
2399
1188
2528
1357
1038
845
809
1386
2232
2165
3820
3753
2842
2705
1103
846
1255
1509
2199
2200
2404
1318
1192
1944
2199
2339
1769
1448
1064
2664
3046
3238
1818
1113
1004
942
1142
1664
1777
1889
2267
2404
2094
2103
1706
1513
1072
1261
1449
887
947
1076
2105
2097
2156
1753
1496
2381
2954
1365
1172
1032
648
776
1161
1239
1110
994
992
996
2019
2913
2225
2914
2097
1632
1418
2312
1868
1057
1268
1333
1338
1783
2231
1043
844
1037
2314
2567
2657
2592
2910
1248
1251
1207
632
2108
2486
1689
1747
1489
1679
1308
988
875
556
1326
1837
2412
1084
2078
2207
2079
2066
2060
655
659
542
545
816
2099
2152
2281
2089
2992
1633
1684
1686
1742
1929
1610
1450
1449
1633
1763
3427
3113
1760
919
1045
207
150
161
99
997
1634
1631
1815
2194
2778
2591
3549
1549
1483
2387
2508
3097
2455
2471
2660
3315
3442
3746
1696
1872
2381
1492
1515
1518
3194
3448
2325
2508
1428
985
505
1688
1683
2572
1056
398
817
2477
2731
2851
3043
2723
1118
2386
1195
1201
1337
1141
2156
2349
2668
2936
2667
2637
2270
1199
1008
1323
1052
1683
2265
2972
2541
2866
3172
2158
2079
2270
1569
1805
2790
2730
817
503
235
1276
1063
1252
2252
2790
735
871
735
1954
2279
2796
3091
2895
1487
917
737
808
814
1568
748
1334
918
528
2252
2591
3035
1513
2032
1704
1830
1068
1822
784
522
460
848
810
1837
2332
2326
3107
3364
2163
2698
2506
914
733
673
1068
878
441
814
168
3577
3253
3378
3434
1760
1043
546
1013
422
914
3281
2450
2128
2513
2322
2987
2994
1377
485
538
1107
2838
3298
3367
2680
1762
1383
1445
1569
2049
2117
2068
2768
3406
3408
2254
2382
1963
2151
2230
756
1571
1875
2130
1750
797
924
350
3174
2852
3690
1959
1201
1010
944
2303
2044
1186
784
1488
3237
2099
498
480
528
2062
1871
3409
2988
1586
2361
1467
748
472
594
1098
2824
3144
2585
2271
2291
2102
1978
2867
3679
2964
2698
1361
1307
1754
1837
1773
744
2850
3178
2869
3251
2550
1978
1397
1069
1571
1697
1491
1736
1866
1364
1763
2082
1006
1078
1198
1827
733
1038
1354
793
2583
2961
2214
2087
1439
1382
544
1593
2154
1954
2010
2915
3057
2801
1499
1953
1632
1103
1568
1624
1486
1555
1613
1564
1632
1453
1337
2396
2131
1424
2268
2138
2083
1246
1591
1401
635
379
234
354
536
343
1759
2146
3038
3183
1465
1339
315
2069
788
617
1723
2432
2007
2119
2445
2148
2201
3090
2199
2195
1864
1040
924
976
988
558
552
218
2556
2676
1885
1877
2261
3107
3102
3059
3191
2990
1140
2871
3313
3493
3737
3856
1679
1570
1185
981
1187
1186
1935
2166
881
618
658
1949
1520
1646
1311
1372
1105
1611
1867
1798
2586
2657
2204
1822
1630
1189
1179
1176
1485
2312
2307
2160
1511
1382
1832
1779
2516
1618
1256
1199
2613
2804
2790
2267
1995
1552
1248
1197
1633
1695
481
472
614
469
535
548
696
541
533
1611
2337
2455
1945
785
1413
788
597
1044
1300
818
622
1148
889
3242
2466
1889
1399
1268
1466
1265
1265
595
274
1950
1946
1326
1078
2294
2038
1907
1910
2919
3243
2010
1884
1549
1415
1550
2424
1682
2067
1946
2294
1141
817
1085
1395
1890
2518
1672
2457
2519
1414
2237
2329
1680
1808
523
329
268
392
330
528
1262
749
1168
910
1932
2570
2059
2479
1582
1837
430
1519
1329
304
882
1266
2595
1614
1231
903
969
2723
2810
1557
1003
684
628
592
586
650
2009
1848
1906
1908
1067
988
2916
2025
2155
1708
883
1048
1744
2123
906
777
2073
2200
2466
2271
2157
2410
2091
2296
2230
1908
1751
1882
1944
2956
2892
3534
3022
3555
1635
1883
2579
2828
1445
1189
1947
1317
2736
2865
2793
2686
1080
1138
1808
1999
2066
1607
1545
1546
2759
2692
1873
2127
2130
1258
2603
1872
2860
1581
2487
1824
859
348
367
377
1995
1867
3720
3116
2787
2678
1075
1069
1267
1483
1364
2974
3365
3113
2425
2234
3259
2699
1843
882
735
588
526
654
1742
1929
2058
2980
2784
3625
1504
1555
1485
1233
1998
2863
2537
3193
1663
942
802
2278
1065
934
720
393
2376
3210
2219
2278
2283
2545
2916
3233
2672
2543
2994
2747
3005
3058
2416
1394
1265
1573
1762
1362
2539
2165
2167
2476
1884
1878
1681
2694
1552
667
664
749
942
1433
753
1300
650
350
479
629
2029
2541
2677
2745
2104
1771
2592
2228
2167
2657
867
751
753
2853
2856
2913
2453
2386
991
1193
540
1847
2738
249
1447
915
671
424
482
607
429
567
498
1773
2414
2592
2841
3114
2242
1106
1040
671
1563
1953
2020
2016
3677
3222
3634
3631
3032
3221
3223
1300
2184
3400
3461
995
865
1457
1524
2162
1439
1255
1611
1803
1806
2590
2467
2801
2863
2424
2229
2683
1383
420
2797
2147
1954
3246
2802
2547
1271
1465
417
346
921
1741
2060
1893
1955
2145
2893
2509
3493
3631
3629
3794
3854
3792
1052
1624
492
307
238
1978
2290
2642
1187
1058
1400
1715
2106
2036
1186
1179
2961
2902
3344
2581
2330
3679
3937
3657
3980
1948
2723
1956
1654
1586
1645
1610
2693
1037
1099
3357
991
916
530
2062
2124
1912
1982
872
954
889
1032
2127
2518
1031
1542
1541
1231
848
1482
1208
1399
2266
1747
2384
2465
2281
3069
3453
3577
2233
2422
886
753
1671
1926
1758
2514
2969
3031
659
592
788
333
980
606
732
1260
1195
1080
671
988
1115
1305
947
1137
1198
1195
2512
2315
1905
1844
875
235
303
300
368
554
614
675
613
616
2269
3093
3358
3371
2490
2106
1339
989
1055
1181
925
859
1736
1116
1702
2277
3385
3579
822
630
442
587
655
659
717
2329
2989
2488
2797
3485
2769
3011
2309
1172
914
422
175
1466
1524
1066
1133
2029
1841
2853
3353
1906
3097
3349
2714
3212
1631
802
807
660
966
1864
2765
2771
3052
3569
3835
2557
2746
1273
1081
988
597
403
1398
1914
1399
2205
3344
2524
1418
2528
2340
1879
1637
1565
1618
1289
1351
1289
1741
1517
1326
1691
1816
2664
1829
3552
2390
2923
2922
3080
3021
1104
850
615
1273
2235
2740
1829
1120
610
610
613
934
932
931
934
1623
1363
1617
774
1823
1948
3241
1773
1329
3451
3302
3219
2067
1947
3597
3406
1315
810
498
354
346
2296
1772
1648
1109
1370
346
591
286
2005
2905
3222
1832
1580
1455
1640
2003
1993
3143
3463
2414
1786
2879
1144
690
878
1592
1329
1888
1371
922
788
1287
411
413
1265
1199
2493
3044
2851
3481
2434
2178
1694
1692
1757
1575
1273
1439
3036
3281
3406
3302
3257
3134
2219
3082
1693
1821
1819
1740
1865
1233
1235
872
1247
1245
1057
2422
1758
740
800
587
1161
2506
2132
2074
2662
2409
2544
3328
2431
2431
2078
1038
1035
1297
1824
1954
2728
2991
2552
1597
1600
568
565
547
1232
974
2081
1888
1819
1357
652
687
1526
2030
2029
1893
3194
3087
3021
1164
1946
1481
1478
1870
2014
2806
2292
2856
3173
1893
1881
1843
1594
1595
1941
3874
4063
2480
2868
3054
2922
1582
1338
2924
2921
3117
3245
1704
1573
1098
1302
1300
1035
2061
1820
1693
1562
2539
2352
1663
968
1568
1312
1379
1249
2773
3486
358
673
850
1300
1747
658
274
292
1707
1521
2983
1441
1315
1901
3244
2736
1784
826
415
785
1677
1934
2898
1563
2915
3370
1574
1382
1126
804
2021
2661
2148
3231
3368
1271
1141
134
522
2284
2806
1386
1255
1807
1863
2644
2139
1822
2026
2810
1766
1640
1965
2664
3375
3553
3479
3599
3343
2463
2400
2341
2403
2400
2550
2419
949
559
622
2007
844
852
854
2007
3443
3186
3117
2492
1917
764
572
202
728
465
272
217
671
359
504
746
1068
748
2731
3001
1625
2458
2431
1776
1132
1114
1670
1763
2100
2418
2102
2878
3312
2986
2790
1128
870
693
1013
1069
1020
1295
975
2072
2318
2635
2340
2288
2096
2166
2290
1847
1511
987
909
2645
3547
2213
1631
601
663
343
2339
3175
3183
1714
1563
1487
2316
2186
659
534
342
347
1765
2081
2651
2974
3405
1104
1072
1262
1084
2618
477
467
587
590
292
2541
3570
2583
2267
2353
2410
1385
1552
1440
1136
1071
1512
2224
1575
1723
2778
2969
3220
1430
1164
717
2100
3374
3691
1273
870
795
2196
2468
1375
2531
2721
1628
2722
1954
1312
1197
1565
2541
2475
2109
1339
1122
1188
2019
2914
3088
2950
3015
1163
2826
1444
1899
353
217
844
2251
2573
2965
3304
3511
1454
1709
1260
29
216
1058
864
1185
162
2899
3157
3770
3513
3771
3605
2069
1420
2918
2730
2867
1265
1640
1895
1885
729
1045
1111
2207
2663
941
1512
1257
2380
2322
3815
3497
1706
1182
1894
986
596
1052
1002
1850
2096
2390
2599
1959
2316
2571
1951
1681
1679
1111
923
1129
1321
884
882
502
828
565
753
501
1698
2022
2593
2591
2529
3118
3246
1721
1468
1912
1657
1213
1323
1122
115
1140
990
972
974
1615
2152
999
805
189
444
2343
1569
1313
1382
1576
784
974
720
536
1369
1558
792
1938
2128
1937
1506
2001
914
667
688
686
2008
925
428
279
281
585
2391
3000
2103
953
698
434
428
281
2735
2603
2542
1195
870
372
1114
1308
2775
2973
3358
3641
725
1589
1270
1384
1233
1290
1871
2578
3186
3052
2738
2969
2580
2577
2124
1354
2060
2058
867
801
1994
1521
1328
2095
1257
1243
865
1623
1894
1763
1699
1689
1627
2331
1771
1704
1623
