2780
3211
1837
1710
726
654
523
330
331
299
297
822
1145
3572
3177
2053
2244
2139
2205
1199
1325
1048
3429
3365
3499
3833
3273
2243
645
497
1184
2274
1889
1688
1361
3480
3059
2490
2729
2206
1188
673
1738
1929
2249
1738
2145
938
682
2699
2641
2641
3825
3508
1311
786
714
708
1238
2019
998
2862
3054
3187
3316
3509
3636
2649
2524
3275
3598
2371
965
523
413
435
1763
1443
2968
2901
3158
3596
3853
858
798
740
1719
1971
2016
2019
2019
2853
2973
1805
749
342
208
1788
2035
3716
3716
2099
2594
3167
3481
2211
2593
2718
2886
1671
1362
1322
1393
1445
1315
3510
3764
2789
2730
2734
2588
3283
3157
3160
1293
1667
1636
2146
2339
1653
1714
1602
902
1251
2146
2403
3316
3118
4024
1586
1527
1613
2196
2633
2022
1962
2069
1636
1618
1118
802
2199
1992
3659
3037
2851
3573
2230
1839
1394
686
660
1897
2358
2736
3744
3281
3850
3962
3835
2868
1334
887
846
1542
1799
1997
2149
3698
3705
3722
2840
3094
2988
2613
2358
2419
2503
1378
614
3752
3893
3825
4083
3654
4035
2954
2948
1385
2191
1182
1954
2079
2212
2078
2329
2510
913
984
888
1463
1593
1334
1335
1400
1400
756
958
1463
829
2198
1777
1207
710
2029
1929
1803
1350
1356
1221
2356
2612
2067
2137
2649
3411
3168
2356
2037
1802
852
658
1217
2755
2221
1955
2267
2016
1890
2219
1387
1395
1625
1815
2079
1810
1826
535
2571
3188
2424
1721
1713
1746
1487
1242
1245
1195
1329
2666
2530
1553
1359
2313
1859
2931
3447
4088
3352
1768
1227
3465
3884
2811
1466
2908
2213
2025
1234
1034
2308
1639
1256
2394
2647
1367
3159
2097
1808
1511
1940
2334
2215
2202
1830
2330
2506
2440
2349
2471
2915
2103
2613
2203
1569
1376
2439
2378
2075
2267
2586
1313
872
1465
1292
1532
1341
1481
1541
1359
1966
2083
2071
1186
1484
597
2197
2450
2657
2550
1071
1524
1735
2564
1354
1198
1442
1631
2583
1868
1396
1456
3766
3958
2838
3091
3028
1311
1567
2522
1298
1427
1677
1134
1136
493
3236
3615
3293
1429
401
918
1557
3212
1748
1104
482
2359
2607
2636
1754
2831
2893
2779
2901
2788
2633
2372
2149
2978
2783
3122
2808
1333
1992
2002
1697
2606
2864
3464
2659
2017
2202
2530
3104
3296
2308
1985
1328
1584
2157
1111
1307
2549
1950
1632
1575
1698
2221
2650
1968
1938
2031
2719
1999
1566
1506
2203
2651
1941
1696
2351
2969
1670
1101
1582
2038
3125
3319
3250
3313
3376
2185
3700
3377
3379
3379
2195
2067
2067
2003
2001
2589
2787
2986
3125
3578
3252
2788
2922
2920
1558
1311
1364
2802
2476
2425
2106
1531
2959
3720
3718
3722
1320
1138
1081
283
329
1355
1238
2267
2183
2850
1654
1208
1715
2739
1416
1540
797
1142
1886
2465
2531
2124
1102
726
594
1030
1249
1315
1016
2403
2403
1960
1960
1272
2412
1080
2197
840
2015
2469
2471
3087
3431
1181
1422
3088
3535
2723
2407
3765
3957
2871
3892
1519
1137
1222
1356
2449
3061
3630
3449
2745
3705
3637
3578
1738
1495
2441
2241
1572
1457
1971
1569
929
2652
3056
1927
1056
822
1787
1852
1660
1503
1567
1371
1636
1761
1955
1955
2202
2028
1515
2764
2264
2257
2182
1687
1625
3380
3579
2598
3386
3645
2841
2907
3656
1601
1039
1717
2414
2673
1567
1757
1869
1874
886
429
279
3284
3166
2781
2080
1881
2891
3302
2419
1111
677
2625
2576
2416
2399
2588
1950
1510
1621
1553
2198
3339
2744
2211
2023
2616
1143
993
2949
3460
2320
2132
2472
2479
3244
665
834
2713
2359
3065
2469
1684
1545
2886
3077
2697
1589
1143
1050
2088
3194
3256
2461
1953
1951
2000
1678
1397
1325
1511
1311
1105
1052
730
614
812
2538
3451
3958
1838
2127
1694
1688
1816
2282
2718
1753
1506
1835
1645
2521
943
1448
2107
2248
1436
728
1823
2332
2356
1587
1102
693
3277
3341
3595
2465
2203
2386
2562
1231
1959
1959
1299
2274
3615
3634
1801
1551
393
662
1493
1317
1464
2837
2703
2763
2275
2210
1890
2401
1353
1031
1049
1180
1034
1013
3574
3506
3759
3561
3470
3472
3332
1989
1284
2398
2186
2776
2402
2397
1772
1585
1654
2661
2271
2255
2115
1108
983
2232
2545
2783
2849
3396
1387
1107
1243
1164
1881
1863
3375
2423
1573
997
985
1110
2952
2119
2888
2055
2439
2968
1546
1281
627
963
1409
1026
2691
1891
1684
2293
1909
1590
3225
3618
2571
2946
598
725
727
972
1639
1975
1721
2427
3812
3683
3570
757
1013
2700
2267
2195
2565
1246
610
1848
2502
1720
2077
2719
3666
3553
3472
3550
2345
3014
849
2435
660
1489
1369
883
1787
3898
3738
3727
2408
2155
1240
1874
1415
2087
1199
1069
784
2004
2215
2064
2248
2037
1777
723
456
941
2157
1814
1966
2527
2649
2375
2413
3692
4005
1559
1756
1828
2147
2519
2653
1966
1755
3161
1037
847
2636
3755
1912
1143
2085
1500
1835
1025
769
2323
2387
1611
2474
1884
2126
2059
714
1438
1757
2077
3372
3743
2539
2476
425
905
1225
1001
1255
2508
1284
854
2298
2420
3957
3758
2695
2755
2390
2267
2010
1504
1437
2129
3148
3181
2675
3619
3999
3873
3784
3981
3526
2219
2023
1067
2394
2576
2503
1545
1290
1674
2356
2102
2865
2792
1388
1068
926
812
1964
3122
1818
1563
3158
3415
1906
1846
1976
786
524
1577
1694
1691
2458
1399
777
963
643
581
1865
1865
1693
1318
1847
2100
1910
1317
1256
2211
2532
2636
2186
2311
1120
996
471
2744
3260
2659
2334
2295
1462
2174
1346
2840
3094
2503
968
995
1137
1269
2736
2926
1692
1688
1288
1876
1563
1643
1836
926
2408
2699
1670
1561
3297
3677
1974
1645
3750
3752
2289
1938
1736
1226
1840
2863
2929
3337
1738
1806
2254
2590
1826
801
1076
2156
2662
3301
2728
1805
1209
2063
690
810
1512
876
1003
1133
562
2100
2161
3346
1933
2123
1564
1879
2590
3283
3270
3716
2613
2741
2069
1549
1419
2657
3033
3415
2533
1774
2537
1948
3291
1609
1419
1238
1707
2931
2081
1762
2331
1646
1705
1686
2697
2983
3282
3472
3177
2598
2925
2460
1930
854
679
1590
1708
2086
2033
2483
2610
2799
2606
2212
2213
1948
1056
1054
2888
3275
3404
1712
2169
2683
1775
1907
1518
1997
1929
3042
3107
2931
3057
1354
1256
427
3379
2865
2891
3163
3289
3296
3505
3379
2731
1373
3094
3223
2909
3034
1247
2145
2336
2505
1627
2200
1675
2372
2037
2295
2041
1578
1704
1646
2656
2467
2210
1254
1245
2126
1453
1715
1312
1373
1299
1351
489
622
3736
3544
3617
3817
3258
2321
2323
3175
3174
2981
3047
3114
2994
2266
2584
1320
1069
1361
1361
2778
2969
1617
1809
1889
1521
1455
1648
2991
727
603
1056
602
800
685
3154
3228
2808
2748
2735
2871
3197
1253
1438
1367
1997
477
559
1079
2053
2692
2470
3049
3304
2569
2951
2883
2190
2115
2117
2184
1805
1671
1440
1704
749
816
2984
3866
2774
3239
3179
869
630
877
845
1284
1733
283
470
3587
2315
2254
1804
2095
3101
3429
3551
3768
2232
950
1261
1329
630
590
3076
3398
2119
1954
816
716
3170
3368
3493
3494
3240
2003
1894
1962
2012
2270
2774
2831
1997
4040
4041
3786
3126
3850
942
1118
1594
2160
2600
844
1736
2134
2344
1428
907
717
406
873
1006
1074
1206
2554
1555
1675
2949
2838
2851
2472
2585
2926
2995
3168
3293
2759
2140
1643
1894
1968
2023
1967
1326
1391
2277
2069
3169
3297
2290
3431
3687
2870
2938
1950
871
724
2308
2884
941
621
2389
2892
2731
2669
3442
2965
2905
552
677
753
667
776
2747
2614
1574
2527
3784
2397
1628
2664
2847
3378
877
745
925
1928
1932
484
370
2682
2486
3846
2534
3171
2928
2470
878
677
801
493
496
692
359
2256
2514
1101
1616
1309
1689
2329
486
366
300
438
434
2804
3240
2412
2647
2902
2249
2839
2077
2694
2821
3157
3157
3155
3609
3609
3675
3692
3692
3758
3696
2934
2933
2870
2936
1688
1627
2015
2336
2635
585
552
1330
800
2106
2812
3569
3588
3269
2465
2462
2527
2530
1629
2577
3077
3667
2875
2616
938
605
1731
1482
1699
1833
3037
2910
2989
2614
2163
2146
2122
465
350
356
649
3439
3055
2675
1465
1590
2017
2273
2464
2600
1866
2187
3423
3422
3170
3170
3598
3787
3886
3885
3756
2314
981
2250
2311
2306
2823
1193
1056
1110
456
631
2840
3282
3344
3215
1047
1171
1588
2147
2274
2657
2985
3675
2298
2107
1645
1627
1315
1120
1170
3546
3869
3808
3719
3977
1044
945
2231
2987
2193
2370
993
988
526
2314
2314
2455
2291
2291
1910
990
671
525
890
823
826
1954
1267
1206
1462
2579
1031
1337
1398
1301
1434
2151
2161
2771
967
2649
3156
2316
1873
1620
2063
1568
946
3576
3452
2280
2390
1794
2053
2143
2716
2900
2767
2511
852
912
1097
1597
1956
1754
1450
1323
1431
2511
2315
2974
1260
1247
2214
1384
1561
867
804
732
1893
3212
2102
1846
1905
1427
1933
3184
2792
745
298
1533
1824
2016
3150
3114
1719
1567
1612
2723
2402
1264
1073
1079
790
604
528
784
718
2712
2975
1755
1226
1476
3143
3342
3202
3692
3374
3180
1653
1650
549
852
852
1312
3157
3408
3345
3523
1007
1911
2863
3175
3425
2326
1612
1484
3170
2267
3472
3915
3958
3706
1080
2656
2604
2440
966
897
612
933
1503
630
3459
2960
3212
3464
2071
2332
1234
469
476
1778
2103
1593
1596
1788
1722
2664
2402
868
871
2646
2831
3225
1943
1457
1783
1819
2335
3355
3674
1571
1698
3610
3672
2833
2521
3113
3313
3828
3768
3144
533
718
913
1069
1463
1592
1945
2070
1691
1893
2724
1872
3093
3092
1010
947
1113
798
737
1123
997
1573
1892
3163
3430
3367
1966
1583
1620
1820
2137
3529
3522
3833
3706
878
288
207
210
1539
1757
2709
3276
1584
1454
1769
1037
600
1515
1693
1427
1966
1448
1562
2089
1891
2526
2925
1782
1514
3015
2325
2277
2274
2325
2476
3191
3129
2530
2724
2847
1747
1882
855
2786
1766
1945
1768
1690
2079
1820
1823
1829
2597
1651
1269
1434
1435
3405
3433
3243
3539
2150
1636
2077
2727
2603
1064
807
1738
2183
3713
3953
3459
3140
541
289
3764
2518
1759
2466
2278
2729
2798
1246
1168
3467
3664
3674
3577
3322
2489
889
969
1157
1217
2753
2821
2182
2400
2917
842
2257
3026
3280
2743
759
563
1629
1573
2083
2844
3036
3166
3126
3129
755
620
582
712
585
2054
3256
3129
1808
2318
2180
2334
2208
3306
3290
3095
2001
1733
1666
1487
3384
3258
2211
2073
2011
2137
2707
3494
3494
2025
3300
3932
1800
1864
3870
3870
4003
3996
1700
1435
1801
1187
1182
1143
1012
878
2013
1236
1627
1561
2546
2477
2850
2567
2313
1038
905
1787
1630
1761
1568
1572
1507
1633
2424
3286
2831
1766
1573
3232
3556
3556
3556
1936
1108
1833
335
2795
3254
3508
2486
2356
1209
1508
2089
3366
2799
2797
1615
1867
2130
2005
1374
857
1254
1191
1312
2089
1957
942
1892
3229
3430
1650
2827
1508
2975
3165
2860
2932
1441
794
915
2470
3061
2838
3123
3189
2062
2246
1925
1612
1257
1270
1844
3218
2014
2199
2337
3340
3667
3629
2548
1011
2016
2526
2467
2397
1096
807
803
877
1332
2196
843
586
3145
2926
3120
2236
1596
508
253
2364
3067
3832
3928
1941
2128
2313
3145
3238
2657
2531
2148
2229
1000
481
550
436
2614
2422
2830
3410
3664
3856
3862
653
467
534
2265
2520
1963
1902
2553
1759
1828
1042
1730
1772
1838
2744
2803
1689
1244
1056
2088
2551
3253
1996
1677
884
977
781
784
1099
946
813
1398
1458
2395
2516
2696
2054
2027
2290
2204
1243
2597
3111
2078
2276
2708
2775
2513
3671
2867
2933
1965
1065
974
1605
3655
2758
2402
3177
3695
1976
2140
2899
3276
1395
1134
1258
1134
1359
988
1379
1497
919
2340
2336
1834
2143
420
398
519
2848
3374
3379
3800
1784
1783
1510
1450
1877
2540
1262
3346
3282
2670
2863
3948
4076
1810
1556
925
1034
357
154
348
557
2907
1230
1136
1269
1487
1610
1929
1421
2437
1867
1421
2805
2996
3830
2934
2271
2850
3594
1585
1452
923
1240
869
1189
2452
1713
1583
1922
452
2144
3151
3280
3267
3254
3184
1336
986
1227
1220
2114
1698
2018
1013
1015
808
3288
2021
2830
2505
2894
3026
2024
2710
2771
1704
1239
1579
1899
2406
2020
1578
1760
1376
1687
3127
3575
3832
3538
506
290
395
1614
1934
2316
1943
1955
1868
2121
1109
1171
2652
3180
3246
3057
2793
882
951
1582
1960
1354
1928
2400
1383
1322
1242
3562
3755
3592
2265
2911
2447
2270
2014
2456
1956
1308
2445
2883
2296
1981
2586
2340
1043
972
1141
1768
1952
2078
1870
2519
2583
1765
1704
2014
1102
1007
945
2711
2962
2768
3310
2705
2836
2704
3400
3472
3468
1924
1991
1868
2076
1741
1128
1316
1354
3692
3503
2741
2277
1922
897
570
3182
4007
3920
1749
1749
1924
1350
1095
641
935
3173
3615
3526
3329
3265
2007
1562
1562
1495
1941
3103
3356
1064
470
1354
2129
3402
3530
3344
3600
2450
3568
3761
940
688
472
1419
1219
1858
2113
1899
2454
3371
2791
3192
1756
1562
1128
755
2962
2532
2334
2276
2861
1953
2642
1866
1748
2821
3329
1720
2293
3508
2233
1868
1932
2190
2120
1738
2323
2511
3394
1588
1489
988
2120
1960
2030
1372
927
1799
2478
2016
1967
2376
2648
3247
2704
2525
2712
3095
1441
1302
759
721
657
657
675
677
841
2509
1645
605
267
265
331
107
169
760
954
820
629
2728
1709
629
2846
2138
1047
985
753
686
3235
3164
2910
2344
2279
1453
496
501
435
172
971
1699
672
587
3605
3103
2780
1893
2777
2779
2780
1777
1910
1974
1321
811
809
1042
846
2450
2771
3154
3730
2603
1782
1078
892
755
752
1125
934
1125
934
484
980
1236
1046
1359
3282
3088
3663
3609
3050
2991
2996
1572
1245
1306
1550
2964
3101
3234
3426
3661
3606
3796
3862
3298
1751
212
338
1393
2853
1971
1333
1256
1876
1881
1745
1560
1679
1639
1454
1365
1483
1539
2599
2848
2654
2843
1001
302
351
1372
1377
2587
2842
3028
1954
934
968
710
677
612
1082
3108
2772
2463
2339
1766
1781
1785
1916
3491
1938
1740
1898
1531
1658
1719
1659
992
3098
2972
2597
1184
2337
1869
1960
686
624
546
789
3169
3173
3125
3043
3724
1864
1743
1567
1255
483
532
1767
811
756
1998
2513
2642
2279
3387
3448
3004
3173
3103
3529
3468
709
337
485
696
1720
3101
2959
2824
2820
2181
2121
2210
2547
2294
2292
3575
3449
2236
2716
2527
2402
1635
924
413
1737
3169
3189
2152
1638
1322
2148
1443
412
280
1755
412
343
1368
1067
2454
1588
1527
2263
2320
1331
1462
1528
820
2037
2106
1943
593
205
451
1097
1606
1223
865
1143
2102
2291
2018
2009
1894
1878
1556
1675
2464
2778
1934
1046
529
1711
1844
2847
2651
2487
2549
1745
1895
2531
2342
1686
789
928
1069
1204
2485
2529
2895
2333
1368
1503
1249
1119
1119
1376
1432
1302
1265
1302
1171
1173
1051
2599
2546
2101
2256
2117
1668
1952
1577
1489
720
715
825
1208
2681
3833
3491
2778
2083
1512
2376
2817
2446
1751
1319
1174
791
342
2141
3289
3294
2088
1870
1305
1960
2152
2219
2417
1949
2266
1840
1783
1959
1835
1302
1816
2076
1630
1713
2201
1773
1840
1313
1122
1549
1672
1060
1205
2214
1122
725
467
1381
1650
1710
1528
1506
1371
928
674
604
789
2002
2505
1992
1390
1513
1642
1376
1246
1706
2282
2530
1755
1829
1201
1142
541
773
643
1937
3186
3383
3193
2934
2617
2622
1589
1334
1300
809
623
402
462
3230
2854
2539
2804
2998
2906
1387
1198
1200
1300
1550
1616
1231
1955
546
720
291
231
2531
2166
2745
2908
2777
2899
3097
608
1998
862
737
286
1869
2129
1939
1643
1579
1571
1510
1563
1561
608
737
744
796
2180
2569
1570
988
361
365
2851
2214
1443
1308
1316
556
236
795
1506
1972
1969
1506
1441
1149
1342
2845
2829
2770
2349
2475
2097
1904
1955
1038
653
3033
2087
1908
1951
2134
2261
2091
2008
1037
588
1875
1104
996
1124
1119
2336
1823
1835
2616
3048
3059
2856
2791
2965
2339
2857
1365
1044
1264
1340
2288
2349
1622
1366
980
657
2965
1237
1044
2070
1140
476
1672
2053
2180
1228
910
2526
2389
2477
2549
1078
945
1458
1378
787
723
786
1162
710
1376
1315
1964
1957
1271
2466
1570
1503
2205
982
674
684
811
1100
2319
1549
1169
845
1612
1678
2343
3347
3541
3368
3246
2537
1818
2478
3310
2616
1913
944
1118
1366
2898
2121
1801
840
982
1814
1760
1633
737
607
949
1333
1595
502
1467
1724
2108
2932
2913
1940
2091
2509
2058
1690
2074
1900
2417
3195
2426
2891
2445
1691
1625
282
461
2780
1998
2183
1307
1193
815
560
1781
2100
2477
2908
3534
3720
2375
1374
1322
1321
1590
1752
550
487
855
614
2225
3175
2910
2721
2098
1511
423
790
615
1940
3777
1819
1063
948
697
654
1411
3527
2340
2149
2552
2406
1703
877
571
2400
736
543
1234
3465
2846
1906
1898
2714
2718
2785
2779
1816
2083
1809
1680
519
1303
1622
1721
2940
3254
3822
3970
3905
2753
1217
257
260
482
939
1058
1325
1849
1389
1119
3104
1388
1389
992
2191
1832
1454
1389
1848
2202
1194
817
624
658
718
1928
1575
3490
3603
3344
1946
1440
1317
1259
1585
1977
3215
1230
589
796
1777
1715
2207
1492
1296
2264
2601
1582
1642
1907
2292
2490
2089
2030
2194
2125
1105
1315
1584
3319
3119
2407
2593
2351
2160
1355
2249
2891
2274
2278
3059
3060
3244
3604
1162
775
385
845
925
2274
1584
1456
1931
1927
4033
4033
2320
2061
461
524
1130
2208
2275
2089
2210
1172
1860
2244
2093
2420
1652
1715
1275
3041
2915
2775
2276
1899
1903
1851
1340
1817
1125
1052
1627
1738
1418
996
1446
1310
1831
1639
1306
856
2523
2792
2858
1844
1654
686
862
1042
1678
1042
689
925
3160
2480
1971
1781
952
3106
1702
790
630
2293
3492
3427
2508
2565
2819
2838
2718
2717
2594
2792
3193
3322
234
290
662
485
490
1528
1523
2016
2076
911
2502
2440
1951
2469
1528
2275
1298
527
424
689
1977
2022
1684
1232
847
592
206
1234
1365
2882
3140
1880
1369
2343
623
475
977
1433
1958
1759
1564
1624
1241
856
1262
2216
2151
1718
1904
1627
2713
2851
1968
1774
1495
1830
1966
1573
2781
2850
2806
2937
1821
1630
721
673
1144
2482
2603
3625
2522
3750
1820
1565
1643
1772
1913
951
1240
2015
1127
977
2194
1321
2217
2284
2328
1318
1065
1755
1821
2414
1821
1063
1366
1609
2764
2579
2214
2294
1825
1569
982
1566
2200
2387
2002
1502
1441
2068
1446
289
1777
2227
2611
3293
3354
2962
3270
2499
1830
875
353
30
3045
2738
2281
1323
654
1930
2705
2454
2524
2275
2282
1972
1206
2037
2103
2300
2453
2833
1756
783
1844
3604
1299
587
912
1141
1908
1756
650
516
1693
1032
643
1121
1126
2207
2328
1819
1589
1718
1468
1309
912
2404
992
597
772
1178
1365
2765
2253
2135
2210
2469
2079
2081
2103
2941
2604
2529
1881
1619
859
677
2906
3095
2695
1358
1161
1062
1519
2670
2799
2026
1964
1512
1816
3492
3739
2825
2631
1482
1420
1581
1404
2289
2469
2660
2481
2548
2220
2272
2416
2738
1122
736
1619
2255
2205
2353
2738
505
353
3333
3404
3105
2983
2740
1639
1577
875
1746
1683
2128
1682
726
550
689
3346
2639
1953
1703
1641
2274
3279
3465
3461
3208
3281
3167
2613
2422
2355
1488
1746
2062
2319
2447
2213
2007
621
543
843
967
1351
2706
2825
3038
3165
2675
2795
2413
1837
2092
2278
1777
917
1640
2218
2343
3572
3767
2795
2543
4087
3577
3576
2606
2405
1709
484
979
2394
2461
1187
1057
846
3086
1952
2076
1909
751
875
1057
939
1992
1929
1633
875
429
2911
2907
2971
2970
2970
3034
3163
3224
929
482
543
1367
2002
2263
3163
3037
3224
3163
2732
1436
1235
222
2057
2436
1889
1956
1896
1975
2228
1632
1564
416
2071
2137
1491
1766
1053
1805
1351
1166
622
431
361
1141
1697
1234
1697
1631
2087
1067
1066
1236
2519
2868
2325
3238
3058
3060
4034
1499
1773
1644
1046
796
619
1519
1710
2906
2795
1516
1646
1429
1579
1645
1811
2002
1503
1443
348
398
2834
2644
1640
2364
2494
2234
2236
1721
2809
2732
2726
1318
1380
2193
2124
2127
2054
1988
1992
2058
2574
2502
2436
2758
2955
3023
2027
2856
2922
2474
1870
929
368
1897
1579
2794
2989
2806
2354
1322
1515
919
981
2982
1432
1257
410
1138
439
2677
2809
3025
3148
1874
784
540
1298
1837
739
166
524
845
1125
1961
1900
2605
2732
2670
2108
1084
828
2908
2006
1484
679
799
805
942
865
2610
2472
1531
681
614
780
1416
2316
2214
2022
2276
1303
852
845
2343
2214
1653
1127
1384
725
1577
1777
1841
2737
2798
1649
1905
1703
1758
2202
1368
356
339
1040
2631
2789
3234
2098
1815
1877
748
367
662
813
1749
1942
2218
2099
1813
1178
2414
2605
2666
872
743
1754
2515
2708
2635
688
753
2252
2185
2828
2790
2210
2272
929
994
748
625
931
993
1549
3273
2720
2783
1834
1970
2100
3783
3971
2081
2581
1821
1131
1761
2853
2918
2922
2932
1849
1340
660
1165
1425
2013
552
298
357
499
496
501
2344
2714
1501
545
668
472
2785
3175
1953
2018
1690
558
490
3556
3611
3610
3439
2808
2807
857
362
1072
1907
2225
2463
2462
524
31
28
1997
2696
3269
3265
3201
3330
3462
1513
477
2514
2589
2089
1831
2358
2291
2619
2972
1929
614
2908
2337
2987
2992
2803
2546
2546
1463
414
465
586
646
395
269
221
227
365
1243
619
366
300
3301
2979
3045
2156
2094
1108
667
1746
1807
2027
2094
1436
1057
1204
1397
3026
2900
1248
1057
1178
1463
1527
2485
3603
3533
2839
2901
2020
1953
872
625
563
2662
2914
2973
3680
3807
3614
3913
1864
844
904
1310
1181
997
1117
781
2312
2188
2137
1907
1847
1117
1017
825
823
1207
1334
1118
1288
1478
1539
1479
1568
2390
2142
1626
1689
1323
564
497
2221
2780
2648
1877
1635
1867
1555
2065
1696
1445
1184
1843
2407
2841
3031
1762
872
413
540
974
1034
786
785
849
1452
1261
1625
2773
2764
2379
1502
1562
1687
1197
1321
1688
814
494
299
303
2002
3534
3282
2665
2099
1908
2340
1105
1369
1310
531
400
1182
1462
1584
761
2839
3148
3106
3294
1997
1479
2320
1573
660
786
1634
1686
1502
1048
1632
1501
982
721
942
2583
1435
676
657
2643
2588
1496
595
1616
2396
2588
2352
2927
1708
1389
1256
1195
688
3221
3346
2284
2409
2599
1591
1461
1361
1485
3020
3172
2536
2268
934
925
1821
2729
2619
439
904
1091
3091
2898
2602
2992
2920
1397
1250
596
491
2653
2103
2287
1462
1596
2341
2641
1784
1596
922
1039
1635
1127
1814
1292
1283
1316
1951
1877
2143
1877
2080
1587
427
2010
2072
485
591
845
2704
1895
3118
3120
2920
1653
1566
2011
2070
1117
606
673
931
602
600
682
1131
2536
2596
2591
2410
1947
1696
1691
1569
1445
1517
550
415
464
452
3357
3366
3240
2351
2096
2361
3383
3127
1580
1390
1174
2004
2012
1451
1454
2219
2142
1578
1454
1179
1108
1242
1495
1586
1260
1743
2638
1738
1735
1560
2478
2928
3181
3026
1802
1800
1508
1395
985
920
2776
2144
1819
920
539
1881
2193
2213
2088
1133
2038
1243
1509
2023
1446
3094
1382
1333
3177
2144
2139
3464
3152
1509
744
542
412
928
743
1739
3340
3044
3106
2456
2075
1818
1448
676
286
1177
866
1129
2210
2663
2472
1509
1491
1293
990
867
692
570
2867
2837
3223
2657
1163
2517
2776
2791
1582
1388
755
1163
2713
2451
1099
1629
2524
2843
1452
492
651
775
1873
3341
3415
3476
3176
2871
748
686
647
602
1775
1524
2150
1520
1594
1593
3219
3275
1938
1431
1542
1667
2008
3424
3242
1592
1594
1656
1897
2919
2985
2983
2985
3052
2919
3116
2803
1625
1251
995
1008
1884
1419
1159
1360
1159
1226
2186
1948
1754
2480
2349
2789
2850
2972
3034
1376
1441
1246
660
3221
3419
2901
3356
3106
2662
2354
2484
2038
2013
2215
1170
724
593
336
2773
3044
2741
1773
1457
1398
3298
2285
1376
3111
2283
1376
424
1891
1440
1379
1437
1314
812
2158
2088
1376
1573
618
301
3237
3421
3293
3149
2653
3294
3430
2798
1837
1650
1645
2147
2264
2773
2077
2138
1958
2151
1126
2263
2139
2936
2739
1911
2902
935
805
678
1267
2397
2463
1768
1830
2654
2591
2717
3553
3614
2710
3542
3402
2071
907
854
540
606
2005
2153
2300
2684
3179
2198
3805
2455
2071
2148
2272
2015
1509
1382
2211
2167
3052
3432
3556
3679
3985
2977
2911
3369
3381
948
436
357
333
997
1961
1838
1752
1620
1901
1120
1182
2647
3857
3973
4040
1961
1901
2425
1099
1234
744
748
3185
2930
2870
2936
1960
2027
2026
1682
1100
1162
1968
2099
984
2442
1994
1673
1889
2653
2404
2148
3113
3605
1064
656
463
465
395
403
540
602
679
1015
2151
3541
3483
3117
2086
2153
991
545
461
2772
2714
1291
1234
1238
1300
1231
1301
915
781
904
902
676
2527
2330
1625
1577
2014
2202
2398
2405
2408
1827
1065
1200
1327
1508
400
90
156
155
228
226
90
1934
1813
1509
1889
1200
689
2909
2660
2098
1973
1334
1143
1106
971
1119
1891
2019
1626
1509
1058
2720
2904
1439
1372
1389
862
2720
2591
3788
2723
2657
1454
991
3025
3347
2859
2860
683
600
1102
409
471
1947
1757
1624
1257
1133
2481
1829
409
470
3349
3357
3422
3310
1508
1635
603
1444
537
1444
1579
1578
1692
803
782
673
928
926
1877
1752
1441
992
926
926
1312
2407
2665
691
374
2860
2794
2792
2738
2801
2730
2737
1961
1643
2145
1513
1371
1437
1554
2705
2468
2012
1940
2713
2483
2488
2385
1805
1435
1383
2157
2519
1557
855
726
602
348
1498
1513
1299
1116
987
1770
1641
1385
1318
1137
1237
1677
458
1574
1121
621
2861
2796
1847
2022
2059
1955
2059
2084
1866
1805
3469
1949
1702
1614
1611
907
807
813
251
570
1829
2470
2726
2917
3110
3562
1181
979
912
1037
599
1387
2727
2856
3540
1559
1322
1648
2022
1959
1937
609
618
932
3545
3484
2850
1574
1568
1956
2013
1948
657
403
390
385
1827
1004
544
2130
2580
2451
2587
2713
2715
2283
2214
1719
1754
873
498
351
1624
2400
1690
1499
1322
3124
3449
2679
950
685
2582
2828
2256
1810
1866
599
1331
2356
3123
3115
2703
2384
1870
1813
1650
2230
2219
1587
1514
1554
988
929
1397
1583
1454
1333
2038
1718
2190
2250
1554
1409
2120
1217
1633
1489
1434
561
758
675
784
738
2776
2584
2350
2995
1952
1891
1707
1773
2785
1312
736
689
622
1079
1209
1531
1592
2724
2781
3160
1182
815
1019
1003
1244
2587
3309
1819
1934
1744
1172
716
1372
526
843
3145
3231
2909
2930
2551
2361
1973
2489
1909
1062
1756
2143
1832
937
746
937
938
873
783
650
648
1811
858
1252
1061
1067
2847
2989
2464
1552
1295
967
2310
2119
1570
1301
650
392
332
627
695
503
3320
3064
3557
3871
1747
1615
531
404
1420
1330
1249
1561
3678
3101
1704
1718
1520
1142
2004
2058
1605
3435
3559
3319
3002
3305
1186
1000
951
1034
521
3030
3168
3105
3114
3246
3576
1899
1718
1655
1807
1477
2583
1743
1605
1671
2970
2961
3029
1886
1894
3572
3252
3105
3342
1739
1354
1880
1434
854
548
943
1779
1523
1702
1942
1559
608
734
689
755
666
857
919
278
285
351
2906
2640
3153
2961
2187
2408
2355
3128
4025
3768
3048
2660
2017
1315
1504
1485
1385
1624
1615
1620
1561
1449
1465
1942
2001
918
1271
1590
1850
1718
3575
2890
2374
2182
2127
1696
1060
1456
1332
1835
1632
1580
1766
1891
1825
1315
1048
846
776
2137
1743
724
340
984
1031
1615
2449
2844
2332
3304
3108
2611
1819
1394
2229
3046
2521
2124
2058
1568
1249
1202
2038
1850
1594
1718
2076
3037
2795
3385
3578
2679
2538
2213
2068
1743
1931
1476
1691
1905
1976
2159
1886
1748
1231
782
1260
2164
3177
2472
2153
1705
1513
936
1428
1431
1613
1736
1828
1585
1208
3692
3743
3858
3210
3153
2960
2123
1992
2138
1813
1871
1484
1283
1481
1868
1870
2128
2194
2189
2253
2191
1896
1634
1772
940
861
790
1422
1416
788
536
1015
1082
1468
2092
2150
2083
1558
1500
869
944
1654
1897
2469
2656
3270
2567
4045
4082
4092
3388
2423
1210
892
294
1522
1268
1018
1833
2844
2839
3092
2391
1613
904
648
1668
2437
2377
2205
4019
3893
2593
1313
1066
557
688
553
465
1744
2763
3278
3615
3178
3315
3431
3238
2851
2659
1749
1106
928
546
2607
3120
3000
3301
2830
1298
1557
2587
2659
2463
2996
3068
3516
3059
2893
2819
1796
1356
798
865
994
1632
1490
1543
913
713
1156
1538
3428
3643
1851
892
556
1696
2449
2639
2271
2080
2732
3315
3182
3443
2619
2107
1468
1213
1763
1761
2209
2592
2272
1298
975
2007
1831
1776
1851
2479
2069
1878
2190
2052
1796
3088
2972
2600
3509
1564
1182
1171
1248
1323
3060
3442
3384
3570
3110
3366
3567
1237
1223
1477
2569
2905
2336
1968
1207
1340
2100
2483
2799
2802
2080
1054
542
1352
1862
2138
2141
3042
2612
3172
2979
1527
2035
2354
1650
1046
531
1270
1506
2150
2792
2217
2184
1103
1694
861
1041
1955
1197
1067
926
1043
1623
2391
2198
1945
1558
2079
2204
2203
2733
2140
1881
1761
1054
1011
1590
2551
1830
1697
1227
841
1054
2477
2223
1898
1385
1696
2193
2059
2010
2459
2780
2446
2248
1735
1630
1680
2121
3466
3670
3417
2101
2416
2738
1978
1399
946
1248
1128
2481
3370
3367
3366
2500
2115
2818
2050
3075
2882
3498
1840
747
679
1952
2004
2826
3147
3271
2218
2143
2088
1703
1250
2014
1814
1363
2587
1970
1462
1016
820
1275
3508
3286
2955
2184
1094
1545
1803
1820
2279
2211
2204
1688
2408
1775
1891
1825
2208
2015
1818
1247
1452
1784
2937
2477
2273
2129
1422
1621
2277
1626
857
1253
790
813
1071
1720
2300
2361
3437
3544
2771
2184
1864
2376
3459
3589
2073
1556
1168
1709
1651
1102
910
845
1232
2485
2807
1719
2667
1696
1613
1102
1173
3823
4024
4087
3510
2681
1594
1499
2216
2098
883
758
821
1138
987
1167
909
523
2893
3474
3541
3760
2999
2551
3040
2336
1869
589
526
1839
1848
2173
1980
3491
3873
2588
1948
1556
1232
1733
1169
1861
1704
928
1353
1162
2770
3049
2486
2674
3502
3439
3442
3438
1892
1636
1515
1010
1269
881
1719
3133
3932
3417
3224
2132
1679
980
1828
2472
3432
3684
3112
2792
4066
3939
2375
2436
2244
980
854
822
1077
1368
547
1718
1335
561
546
723
1865
2183
3475
2331
2081
1715
1657
2020
2074
2467
1621
1010
1139
3064
4089
3924
3532
2821
1798
1101
850
1366
1302
1766
1068
1528
2015
1819
1692
1430
1434
1491
1548
1499
1132
1871
844
1237
1449
2094
1536
701
698
2343
4075
1692
2777
3227
1756
1565
2024
3291
4071
2807
1977
1207
1149
1208
1206
736
2066
1435
601
531
2410
2479
3504
2608
2597
1829
2533
2128
2454
2025
1566
1047
1353
1674
1352
2506
2388
2710
1757
1701
1380
3888
3822
1950
1069
1083
2539
3374
2414
1132
1706
1904
1874
1806
1357
1397
3128
1964
1515
3511
3131
2555
2967
2517
2193
1485
3095
1883
1693
526
328
1012
1911
3644
2877
2301
2779
3478
1812
1943
775
455
1058
1445
1526
1974
1661
1853
1406
3885
3423
3288
1182
737
662
915
2274
2102
2532
2336
1181
1811
2127
2001
2072
1949
1370
1187
2540
1963
1817
1429
969
2182
1864
2439
2966
2860
1906
1329
3235
3750
3880
2491
1402
891
4060
3870
3880
3491
3221
2510
1737
1418
2001
2700
2192
1361
928
1903
2737
2930
2724
2673
1618
842
814
2425
2810
3153
2127
3405
2319
1936
2336
2902
3352
3216
2593
2336
2544
2746
2611
1330
1493
1358
1555
3083
2896
2606
2971
2959
1548
1181
1461
2803
3297
3166
2009
2341
2798
2418
1589
1847
981
787
1676
1808
932
873
1267
1587
1248
1184
1868
1861
1415
524
755
1016
3380
3916
3461
2786
2018
2931
3108
3035
3035
1379
2399
3356
3165
3315
3260
1082
882
485
847
1226
1493
1306
1050
2458
3228
1630
1957
1960
1512
1548
1926
2245
3698
2551
2168
2102
1836
1896
1566
978
743
747
1521
3369
3881
3686
3742
3137
3586
3140
1539
1157
1059
1632
1809
916
469
1594
2931
3380
3111
3173
2999
2650
2518
2779
2324
2777
2583
2323
2776
1773
1443
1183
1381
1261
945
1528
1457
1881
2516
2956
1934
2066
2128
2125
1924
1991
1993
2058
2693
2959
3434
3113
2341
1128
490
1004
1707
1259
821
631
420
469
599
1680
2958
2889
2844
3049
2798
3382
1892
3042
3300
2805
3126
2317
1360
1929
2309
3164
3235
2996
1774
1007
1210
1016
529
654
522
2954
2518
2595
4058
3595
3465
3382
1944
1293
1876
1100
653
861
1065
997
994
1688
2906
3470
3659
2341
2470
2405
1326
1211
469
395
656
394
393
719
2693
3049
3424
2862
2478
2807
3129
3184
3361
3294
2906
2841
2270
2455
2579
2641
2471
2477
2100
2035
1006
813
1499
1618
1813
2167
2170
1723
1445
805
1769
1699
2665
1312
814
1014
1564
1486
928
1059
1138
2485
1917
2216
2846
2720
3216
3463
2340
2452
721
466
602
604
397
812
1013
1206
2038
2022
2719
3171
995
488
554
693
688
488
481
1947
2319
1932
970
1690
2505
2694
3157
3155
3674
3758
3157
2967
2336
2080
1633
2400
1361
1363
1579
1370
1301
1425
1488
2316
2593
2845
2331
1883
2026
2355
2089
1440
1116
671
1867
737
421
2334
3502
1845
1655
809
478
465
396
522
1803
1995
2117
3670
3546
3290
3621
3821
2619
1464
1008
823
624
788
401
1556
2188
780
1445
1525
1890
2014
1591
1524
1811
1556
2831
3670
3865
3924
3123
2944
866
748
1009
1013
1913
2461
1179
1229
1183
1053
1744
1995
1053
870
1080
2040
1847
1979
1585
1398
1526
1145
1082
698
741
787
582
2129
2452
2072
1752
2094
1438
881
696
4088
3705
4084
3612
3159
2393
2445
1798
1223
775
1885
2061
2251
332
453
197
267
261
682
1465
1852
4096
3440
1448
1261
1387
923
966
989
1256
2587
3100
1969
1271
1328
1386
1444
939
683
555
488
846
1743
1526
2098
1907
1147
2226
2855
2905
3215
3242
2858
2640
2957
3354
3428
3369
3055
2038
1527
1145
953
930
1118
1179
1182
986
1503
591
822
696
952
655
526
948
633
1144
1311
922
393
209
422
561
2486
4089
3179
2342
1197
1518
1589
1134
2205
2203
1236
976
1066
1202
1568
1694
1508
1580
1847
2362
2683
3898
3373
3546
2697
1608
2505
2502
2504
1609
1386
1462
2038
2767
3212
3466
1233
658
2019
2155
2096
1878
1760
425
1080
2873
3125
3064
1871
1350
2920
1589
872
915
735
878
944
949
1076
1567
799
739
1831
1246
1501
1502
2279
2664
2149
1900
1646
813
934
927
470
333
415
629
699
1401
2681
2663
1891
2654
1707
1645
785
1098
774
881
1721
2170
3629
3108
2194
1356
1482
1524
2042
3067
3183
2540
2221
1947
3841
3777
2000
848
2369
3713
2795
2294
3002
2344
2722
2718
2712
2708
1890
1766
2149
1765
1188
808
419
3112
2666
3169
3232
1742
1421
1105
2999
2487
4090
3897
3431
3297
1764
1251
1444
803
1043
1106
521
820
954
3063
3495
2854
2790
3675
3414
3158
2854
1839
2616
1712
1582
1168
1102
2138
2205
2386
2579
3344
2086
1390
750
1053
716
585
1620
2330
2830
3256
2486
2230
1461
2014
1515
1456
1721
1711
1700
1812
1676
1933
1228
1315
2986
1693
2087
3999
3933
2218
1769
1379
1362
1292
1487
1349
1422
1374
2012
1690
1693
1689
1298
1033
2124
2865
2607
2790
1916
1786
2076
2326
1504
742
1826
3291
2901
3549
2672
2231
3294
3420
2650
2578
2765
1863
904
655
343
609
1769
1594
1597
3305
3429
2981
1108
595
1482
1180
1109
1114
986
2088
1441
1942
2088
3175
1968
1203
826
623
536
392
1633
870
1074
1521
3112
3292
3557
2931
2491
2926
3159
2701
2116
2413
3063
1652
1191
2074
2057
1256
1072
1139
818
745
1296
970
713
518
1039
2006
2145
2134
695
310
312
3828
4083
4071
4069
2940
2684
1691
1425
331
405
344
550
629
2999
2551
2810
3066
3641
3573
3445
1655
1398
1330
1384
1570
1755
969
1262
1336
2874
2743
3644
2777
2583
2189
1359
1955
1678
1417
1476
1538
2480
2293
3445
3245
3688
1203
1009
1183
1234
1551
1166
1803
2007
2057
782
1415
2246
2271
2353
2361
2237
1400
1724
2997
2924
2601
1822
1366
1227
722
1445
1582
1849
1788
2613
3059
3496
2198
1173
972
998
944
1017
2743
2604
2537
3306
3241
3504
2533
2265
1696
1104
1231
1585
2677
3820
3089
1938
1491
854
654
1386
1262
550
978
1033
3153
3155
2981
1784
1468
1081
682
414
219
1644
1714
1327
1162
792
3239
3562
3040
3088
3274
3223
2708
2513
1373
522
633
761
635
1766
2784
2656
2131
1993
3597
2263
2191
1374
1253
1383
1645
1969
1827
871
794
1099
2188
3511
3639
3617
1070
1078
1082
1276
2730
2347
1438
1999
719
476
691
2932
3574
3897
3956
2581
1813
1753
1044
1433
2073
2071
2058
1289
1833
1072
427
409
397
393
1774
1455
2364
2979
2785
2400
2334
3483
3682
2386
1554
1238
1831
1772
2023
2020
1357
1353
1768
1202
1331
1008
852
1301
1174
393
538
945
1134
1376
1184
2576
2376
1736
2100
1912
1467
2045
2990
2983
2912
2652
1552
1230
973
1443
1444
3436
3949
4083
1335
570
763
1129
1124
1253
1232
1984
1561
1039
974
1289
997
806
936
938
942
696
571
2157
1942
1627
817
755
759
632
1060
850
524
3535
3224
3229
3817
2672
1440
1206
1081
545
662
409
751
4082
3762
3121
3553
3476
2949
2374
1669
327
135
818
1694
1500
686
562
411
649
646
786
2839
2822
3173
3445
1746
2317
3078
2565
1711
3572
2870
2552
2191
1230
1283
2313
2515
2732
2799
2086
2031
2423
1718
1460
1581
2736
2573
2251
1632
1623
2735
1839
1206
2038
1013
805
787
803
804
2400
2724
1896
1709
947
757
616
425
859
925
2789
2595
2078
2842
1417
1161
982
815
877
2081
2970
3219
3243
3188
1761
1569
1580
2678
1764
2911
977
1229
1186
1640
2286
1511
2082
2144
2143
2514
3150
2376
2184
1422
1038
715
713
803
875
1890
2928
2678
2614
2991
2803
2992
3481
2927
1954
1762
1571
1635
3228
3356
2465
2404
2214
3351
3478
3600
1963
1892
1875
1872
2119
1676
1679
1423
1482
599
472
467
477
1326
1645
1707
2013
2086
2085
1954
2969
2983
1890
1952
2082
2269
2014
2017
1702
1523
3046
1629
1502
1056
427
366
620
1262
2284
2148
1817
2153
2608
1760
2025
1652
1779
1458
2077
2129
1546
1099
783
795
808
1076
2551
2283
2085
2085
3037
3161
3085
2887
3181
3119
3000
1333
1065
942
2610
2420
2609
1889
2017
2465
2146
1827
1887
2398
2524
2460
2605
2409
2474
2474
2204
2212
2396
1754
1175
1044
1112
1238
1179
1132
1141
1589
2406
1951
1754
1581
1454
1266
869
795
1296
1351
1288
1227
1295
1228
904
2539
2677
3245
2208
2338
2544
2678
2039
1907
2140
2395
2780
2783
2322
1743
1232
1882
1754
1996
2024
1830
1894
1944
1559
662
1583
2477
1487
1491
1038
1061
1384
2209
1953
2843
3098
1302
2124
1491
1960
1833
1775
2032
2223
1946
1948
1504
1121
1122
1189
1116
1300
1419
1481
1288
912
788
1185
1123
1523
1759
1641
1118
1182
1312
1262
1577
1649
1331
1205
1584
1895
2996
2162
2391
2589
2465
2851
2466
2400
1758
1451
1259
2335
925
658
1294
2195
1558
545
2473
2605
2550
2354
1953
2195
1171
1680
2397
2393
2535
2656
2208
2528
1825
734
1872
2890
2766
2647
2656
1950
1572
1258
2296
2216
2069
2246
1571
1386
1323
1825
1633
2097
1766
1634
1570
2033
1702
1705
1693
1683
1696
1957
2273
1040
1039
2387
2841
2463
3254
3315
2270
2380
2384
2385
2002
1950
1830
1899
1888
2143
2605
3133
2172
2106
1365
1365
1287
211
277
226
944
1018
1720
2610
2478
2553
2610
2737
3057
2420
2413
2138
2657
2676
1845
1527
1465
1587
1770
2025
2091
1891
854
595
596
949
2095
1565
2341
3307
3220
1939
1362
1300
1106
1064
3502
3831
2077
1817
1816
1945
1817
1999
1302
1712
1761
1632
885
2871
3159
2696
1289
841
1891
1817
1689
2193
2071
1943
1752
1901
2025
1777
1971
1837
2716
2716
2843
2089
1905
1394
1310
1483
1645
2294
2678
1625
1294
711
665
679
678
677
741
2065
2130
2067
1829
2607
2091
2358
2091
2522
2712
2004
2065
2713
3488
1840
1776
1832
1125
1690
1876
1777
1779
1715
2102
2277
1833
1580
1516
1516
1708
1518
1817
1739
2694
1566
1452
1457
1266
1978
1006
795
663
587
1684
1626
2396
3289
2779
2207
1829
1707
822
1494
1168
1359
2341
1570
1104
1174
2019
1828
1887
2082
1955
2019
2156
1774
2094
1932
1736
2148
2281
2155
2032
2347
2409
1872
1552
1038
988
1238
2930
3574
2209
1933
1935
527
1195
1323
2082
1885
2452
2248
2313
1608
1350
1749
1771
2357
2547
2913
1463
1209
1653
2483
1958
1948
1994
1889
2861
2489
1743
1479
1476
1178
1123
945
1080
1982
2621
3254
2584
2698
2693
3617
3620
2155
1831
1846
1703
1300
1432
663
2080
2147
2020
1778
1397
1963
2019
2277
1954
1619
1296
944
946
2088
2339
3663
3674
3635
3899
2542
1749
1582
2020
1504
942
1252
1059
997
1054
2122
2459
2470
1761
1754
1623
1366
1638
1901
2336
1430
1748
1884
2719
1629
980
722
851
2154
2151
2217
3182
3163
3435
3688
3290
3014
1543
1239
1814
1757
1758
2011
1674
1754
2011
2257
2535
3571
3632
3567
2618
1979
1788
1183
1110
2081
1322
1067
1685
1826
2082
1067
1746
1315
2141
2081
1631
2101
2105
2145
2207
2641
2442
1609
1034
527
1323
1820
1628
1773
1783
3413
1364
1493
1176
595
389
1818
1569
1570
1587
1393
1465
1954
1952
2202
1737
1032
2266
796
1949
1501
1168
1172
1185
1313
1318
1322
2605
2789
3159
2631
1353
1711
2084
2000
2056
1865
1483
1291
1760
1781
1847
2043
2218
2028
3491
3494
2675
2009
2080
2480
2012
2063
991
1584
1972
1759
1806
1935
1746
1623
1620
1116
881
938
1509
1704
2675
1820
2271
2963
3095
3353
2467
2546
1777
1583
2553
2342
1553
1293
1226
1485
1871
2000
1760
1312
1239
1367
1512
2021
1884
2522
2589
2591
2717
3156
3347
2889
2083
2150
2672
2460
2205
1870
1743
1809
1758
1769
2158
2479
2669
3961
1057
2384
2764
2247
3781
2083
2032
2027
1706
1453
1632
1065
1905
2865
2979
1884
1493
1295
724
600
2013
729
1758
1824
2015
1822
1764
1698
1119
1551
1934
1949
1768
1629
2402
2342
2524
2384
1759
1699
1702
1581
1453
1630
1806
1552
1359
812
1756
2130
2323
1233
1503
1694
1698
1632
1696
1645
1578
1449
1494
1810
1797
2470
2667
2906
1754
2517
2911
2858
2973
1771
1509
1444
866
939
1739
2426
2300
2687
2064
2126
2193
1823
1833
2278
2767
2827
2694
2006
1191
750
1072
1967
2525
2323
1305
1366
1625
2014
1759
2726
2741
2485
2149
2728
2717
1752
1941
2066
1758
2015
1887
717
1885
1888
2281
2153
2094
2273
1760
1898
2205
1698
1751
1680
1877
994
1901
2226
2869
2265
1424
1895
1563
1490
1490
974
784
871
934
936
676
535
597
2214
2342
2343
1494
1354
2332
2568
2803
2606
2860
2030
2209
2222
1629
1751
1810
1800
2338
2403
2154
2099
1895
1826
2152
2803
2669
2599
2540
2266
2443
2508
2121
1114
1244
1564
1631
1953
1808
930
1008
933
1059
1058
1008
1908
2291
2406
2656
2722
2472
2275
1762
1063
873
615
1572
1956
1966
1838
1559
1819
1820
1819
1756
1884
1882
1947
1760
1825
2089
1954
2319
2695
781
1109
747
492
490
491
494
1006
2343
2794
2980
1310
992
1264
1459
1008
1960
2227
2683
3213
3345
3014
1863
915
1675
1867
1869
1115
1255
1632
1309
1889
1388
1390
1198
546
353
342
396
3554
2096
2779
3345
2661
2080
1758
1392
1893
2147
2584
1055
1117
934
1968
2068
2066
2452
2581
1625
1370
1271
1462
1143
1130
1896
1501
1309
1759
2393
2548
1970
1714
2020
2082
2130
1990
1734
2545
2215
2027
1759
1886
2321
2376
968
583
1391
1774
1824
1322
1323
994
1824
2075
2904
2906
2957
2507
2314
2142
1569
1700
1764
1958
1882
2249
2380
2447
2705
3041
1822
1374
1183
1528
1647
1398
1648
1084
993
1893
1701
1441
1632
1697
2468
1318
1572
1378
1484
1476
1030
1769
1964
2028
2292
2784
3082
1698
941
1323
1900
1764
1569
1698
1568
1824
2016
1380
2533
2463
1758
1568
1501
2029
1759
1693
2571
3359
3120
2864
2736
1952
2143
1814
1366
1322
1653
1845
2810
2078
1943
1677
1698
1569
1696
1759
1631
1695
1696
1631
2351
3249
1765
1263
1076
947
1012
800
3302
3239
3176
3352
3461
3289
3289
3272
3277
2694
3849
3975
3987
2019
1896
1707
1829
2014
1951
1892
1770
1955
2082
1894
2325
1953
2149
2477
1584
2586
2602
2221
2215
2282
1177
984
2464
1951
1631
1695
1759
1948
1759
1766
2215
3101
3213
3215
3154
2989
1509
1509
1563
1821
1817
1060
871
355
808
808
2144
2282
2467
1949
2663
2471
2407
1699
1509
1506
1372
1112
983
1172
1298
1354
1356
1948
972
971
2784
2854
3315
2615
2610
2848
2790
2588
2716
2278
1324
1950
2327
2518
2955
1800
1672
714
663
745
748
949
1652
2145
2851
2204
2011
2007
1607
1413
843
413
2139
1947
2344
2599
1639
1772
2155
3681
3870
3997
3873
3811
4000
2509
1803
1611
1417
1102
854
466
1819
1162
1097
1034
2410
2413
2350
1787
1820
1562
1426
1756
1690
2272
931
2396
2524
1569
1439
2464
2081
1758
1503
1313
3046
3177
3091
2967
2862
1846
572
676
662
472
1955
1764
1708
1637
2329
2511
1635
1764
1650
1644
2259
2638
3424
2153
2139
3000
2933
2773
2054
1929
2017
2274
2462
2337
2146
1889
931
1253
1696
2078
2334
2014
1764
2006
1748
780
779
783
721
539
1143
1147
2012
2070
2070
1820
1685
1868
2123
2892
3216
3223
2917
1187
1063
871
1193
1321
931
864
2200
2456
3537
3859
3978
3911
2571
2324
2202
2022
2027
1965
1753
2155
2289
2545
2992
2728
2661
2883
1862
1548
911
1037
1100
2262
2135
1694
1312
2397
2206
2288
2024
1946
2135
2441
1950
2328
3548
1629
1766
1833
1701
1692
1058
1060
1699
1713
1915
2675
2454
3021
3087
1546
1419
1233
1046
921
929
923
1765
2080
2800
1955
675
658
649
591
1757
2079
2341
2609
2550
2487
3427
3219
1892
1262
1117
1424
1617
3030
2414
1775
1782
2209
1637
1682
2514
2224
3123
2401
2402
2079
2528
3723
3598
1495
1561
1500
1438
1187
1645
2095
1454
2016
1947
1820
2061
1867
2190
3154
3153
2667
2606
2290
2041
1720
1594
1637
1506
1698
1698
2022
2090
2917
3294
2765
2768
2833
1816
1514
1447
1682
1815
1227
1477
1008
1143
1519
2998
2929
3257
3320
3318
2323
2390
2405
2160
1909
1585
1454
1377
1308
1757
1712
2641
2517
2452
1235
915
718
477
1453
1768
1768
1382
1174
922
997
923
1952
2019
1848
1517
1891
2019
1955
2014
2086
1893
1509
1189
932
1166
1164
1292
1357
1379
1382
1952
1891
1610
1480
1292
1036
1366
327
317
1448
2343
2664
1883
1881
2009
3209
1949
1757
1876
1942
2002
1695
1569
1696
1761
2716
2906
1810
1808
1645
2277
1903
2089
2038
2192
2254
2185
2314
2713
1824
1565
1499
755
627
488
349
691
2097
2543
1956
1951
2861
2474
1875
1587
1964
1705
2073
1770
2460
1765
1647
1773
1628
1567
1427
1366
1363
1181
990
1518
1585
1969
2609
2212
2535
2988
3121
2599
2469
2459
2320
1558
1433
1115
802
2922
1646
628
630
171
234
144
204
206
274
1299
2958
3533
3600
986
1048
1175
1173
688
750
1005
1325
1399
1269
1272
1274
1277
2135
3358
3617
3879
3594
3338
723
1058
610
1912
2647
2644
925
747
812
811
363
796
717
649
2058
2185
935
1064
1000
919
2333
2934
2488
1018
1211
1571
1827
1699
2018
1803
1742
1872
1635
2019
1939
1559
1423
341
338
339
749
1456
1974
2851
2972
1994
1744
1418
1584
1655
1519
2086
2324
2247
2118
2839
3032
2527
3243
2929
2089
1446
1959
3047
3299
2975
3048
3238
3484
3466
3209
2837
2341
2276
2484
1900
1615
1413
1771
1779
1535
1469
2838
2927
2349
2143
2015
1551
1628
1630
549
855
1674
3282
3284
3319
2725
1841
1899
1524
1193
1627
1566
1435
2068
659
416
754
1779
1766
2148
3318
3196
3471
3213
2514
3089
2451
2389
3237
3126
2294
1957
1613
1261
1195
417
1293
2527
2990
2611
1336
1191
2915
1884
1241
1045
822
1152
1277
1464
1899
1432
1111
1173
1239
788
1885
1496
997
1107
1230
1098
649
1353
1610
1680
1140
1720
2294
1080
1147
804
909
2712
2396
1771
1847
1407
1530
630
423
532
1487
2631
3546
3356
3793
3053
1814
1933
865
1014
1534
1016
1074
1697
2169
2102
3482
3657
2201
1302
1246
1185
1235
1332
1394
1074
2484
2663
2975
2381
2064
1298
1707
1577
1337
1050
1037
1361
1428
1618
1551
2909
3302
1962
1770
1242
1112
1585
1079
564
922
1113
1807
1049
3095
3361
3294
1840
2215
2074
1681
586
1752
2033
1842
1754
1843
1776
1627
1502
1803
2146
1187
661
1124
853
1416
1609
3247
2993
1065
995
1498
1430
1162
345
92
672
1654
1385
1248
2610
1976
1442
1311
1756
2016
1333
1078
1439
726
2062
1934
1996
2440
3099
3570
3895
2333
788
978
1105
1429
1497
1074
432
432
431
941
2351
2410
2918
2551
3001
3020
1362
979
1576
1701
2603
3126
2941
2868
1209
1209
480
716
721
723
2448
3210
3270
2337
2530
2871
2943
1788
993
1316
1506
2274
2266
2765
1926
2052
3590
1120
2067
2004
2118
2725
2278
1968
2744
370
238
170
2506
1629
2471
1637
2579
2765
2594
2476
3062
2930
3117
1639
1443
1906
2301
1969
1874
2275
2779
976
1643
1449
1716
1849
2745
1277
1864
1797
1888
1174
1993
2591
2478
2364
3196
3174
1499
1940
2629
2758
3305
1831
1761
1365
1173
1351
1349
889
1279
2164
2479
3606
3155
3974
4041
2964
1676
2069
1924
1477
479
1146
883
2485
2722
2789
2593
2577
1929
1351
1820
854
597
843
795
1317
1081
1910
2028
2855
2404
2697
972
394
1824
1179
868
871
730
720
2516
2407
2410
2344
3509
3241
1439
1294
1241
1290
1931
2318
1292
1801
1561
2136
2446
2841
3049
3363
3728
1699
1181
1572
1634
2146
884
1767
1635
1116
1840
1626
1499
1160
2500
3142
2514
3078
3268
3129
3070
1206
1311
2653
2781
2524
2444
2183
1604
978
1119
1311
1591
2164
2676
2412
2477
3305
2417
2169
618
1113
1628
2501
2948
3243
1186
2509
1928
1033
1187
1703
1955
1951
1379
2619
2812
1196
1379
1060
1953
2008
2504
1288
1757
1916
2042
1077
1072
1972
2287
2988
2714
1637
1648
2037
2365
2045
1333
1514
554
668
802
800
1392
1262
1242
992
845
2315
2635
2478
2284
1784
1326
1055
1686
1067
1262
754
626
1596
791
721
1162
852
853
1235
595
1324
1517
759
2363
2406
3237
2973
1710
1580
2573
2252
975
1169
1043
586
456
3555
3746
2084
3257
3249
1835
723
2279
3445
3504
3501
3540
3465
1354
1357
974
992
759
1012
632
1012
991
1116
2402
3491
3747
3745
4037
4037
1928
1871
1864
528
1457
1656
1392
1174
982
1353
1862
2054
985
918
1052
921
1080
1660
1781
1276
1337
2484
2926
3250
2361
2168
1066
872
804
858
1419
1676
2510
2703
1162
1500
1819
2105
1973
1908
1719
759
691
800
979
981
1283
3036
3622
2548
1782
757
1703
2346
1591
1592
566
309
849
727
790
2631
668
421
542
912
588
1173
2185
3094
2020
1594
794
849
781
339
2275
948
850
981
465
915
1303
2693
3141
4025
1397
948
801
816
1097
840
879
1787
1598
1962
2697
2311
1557
1303
1928
2121
1905
1775
1775
3253
3250
2656
2971
2120
523
1114
1335
1567
1692
2588
1438
1979
1145
1962
419
610
594
723
709
1936
3691
3880
2170
1759
1311
1374
1758
2077
1694
2415
2255
593
873
1245
1374
1245
1421
1414
1349
983
2140
2325
1350
982
983
2357
2040
825
1173
1811
1068
940
799
1684
2897
3335
1811
935
980
1620
2863
3305
3244
1995
1611
1801
1481
1549
3164
2478
3581
2110
1975
1907
1135
1198
1088
1146
1134
3480
1625
1042
654
519
1269
1785
1757
1759
1625
1943
1097
839
520
454
902
971
1125
1057
800
1256
1576
1000
1533
1978
1278
2273
1058
1049
1685
2192
2060
2392
2072
1050
940
540
471
550
1465
2170
1066
740
1693
1610
1927
2248
1868
906
1159
677
1335
1914
2608
2782
2968
1771
2586
3298
3679
3625
2569
1547
1101
1587
2032
1331
1587
2096
2176
2604
2662
2127
1797
1476
737
2101
2547
2803
2983
2208
2064
2194
1938
2000
1620
2189
812
1451
625
1780
2034
2028
938
624
2653
2209
3159
3354
3402
3144
1358
1432
2555
2423
1331
1264
1099
2720
2465
1699
1036
971
975
938
1128
1202
2674
3062
3188
3742
3684
3738
3212
2955
2334
2062
787
678
876
1779
1779
2024
2333
2736
1976
1585
3579
3963
1057
812
1004
1263
876
1989
1802
2958
3535
2957
3778
2333
2077
2136
2982
3037
2972
2982
986
1004
365
3037
3230
1768
1635
1116
1307
1180
2466
2931
2421
758
1018
420
2275
1617
2118
2437
1737
1103
1374
1448
2038
2359
2346
2285
2528
1696
1486
879
560
426
1118
1294
2508
1769
2932
3559
3678
3068
1275
1301
1130
2547
3047
3047
2349
1503
1300
1171
1646
1258
985
1477
1733
1859
2846
3036
2992
2606
1389
1194
1210
1257
1883
2579
2828
1445
1189
1947
1317
2736
2865
2793
2686
1080
1138
1808
1999
2066
1607
1545
1546
2759
2692
1873
2127
2130
1258
2603
1872
2860
1581
2487
1824
859
348
367
377
1995
1867
3720
3116
2787
2678
1075
1069
1267
1483
1364
2974
3365
3113
2425
2234
3259
2699
1843
882
735
588
526
654
1742
1929
2058
2980
2784
3625
1504
1555
1485
1233
1998
2863
2537
3193
1663
942
802
2278
1065
934
720
393
2376
3210
2219
2278
2283
2545
2916
3233
2672
2543
2994
2747
3005
3058
2416
1394
1265
1573
1762
1362
2539
2165
2167
2476
1884
1878
1681
2694
1552
667
664
749
942
1433
753
1300
650
350
479
629
2029
2541
2677
2745
2104
1771
2592
2228
2167
2657
867
751
753
2853
2856
2913
2453
2386
991
1193
540
1847
2738
249
1447
915
671
424
482
607
429
567
498
1773
2414
2592
2841
3114
2242
1106
1040
671
1563
1953
2020
2016
3677
3222
3634
3631
3032
3221
3223
1300
2184
3400
3461
995
865
1457
1524
2162
1439
1255
1611
1803
1806
2590
2467
2801
2863
2424
2229
2683
1383
420
2797
2147
1954
3246
2802
2547
1271
1465
417
346
921
1741
2060
1893
1955
2145
2893
2509
3493
3631
3629
3794
3854
3792
1052
1624
492
307
238
1978
2290
2642
1187
1058
1400
1715
2106
2036
1186
1179
2961
2902
3344
2581
2330
3679
3937
3657
3980
1948
2723
1956
1654
1586
1645
1610
2693
1037
1099
3357
991
916
530
2062
2124
1912
1982
872
954
889
1032
2127
2518
1031
1542
1541
1231
848
1482
1208
1399
2266
1747
2384
2465
2281
3069
3453
3577
2233
2422
886
753
1671
1926
1758
2514
2969
3031
659
592
788
333
980
606
732
1260
1195
1080
671
988
1115
1305
947
1137
1198
1195
2512
2315
1905
1844
875
235
303
300
368
554
614
675
613
616
2269
3093
3358
3371
2490
2106
1339
989
1055
1181
925
859
1736
1116
1702
2277
3385
3579
822
630
442
587
655
659
717
2329
2989
2488
2797
3485
2769
3011
2309
1172
914
422
175
1466
1524
1066
1133
2029
1841
2853
3353
1906
3097
3349
2714
3212
1631
802
807
660
966
1864
2765
2771
3052
3569
3835
2557
2746
1273
1081
988
597
403
1398
1914
1399
2205
3344
2524
1418
2528
2340
1879
1637
1565
1618
1289
1351
1289
1741
1517
1326
1691
1816
2664
1829
3552
2390
2923
2922
3080
3021
1104
850
615
1273
2235
2740
1829
1120
610
610
613
934
932
931
934
1623
1363
1617
774
1823
1948
3241
1773
1329
3451
3302
3219
2067
1947
3597
3406
1315
810
498
354
346
2296
1772
1648
1109
1370
346
591
286
2005
2905
3222
1832
1580
1455
1640
2003
1993
3143
3463
2414
1786
2879
1144
690
878
1592
1329
1888
1371
922
788
1287
411
413
1265
1199
2493
3044
2851
3481
2434
2178
1694
1692
1757
1575
1273
1439
3036
3281
3406
3302
3257
3134
2219
3082
1693
1821
1819
1740
1865
1233
1235
872
1247
1245
1057
2422
1758
740
800
587
1161
2506
2132
2074
2662
2409
2544
3328
2431
2431
2078
1038
1035
1297
1824
1954
2728
2991
2552
1597
1600
568
565
547
1232
974
2081
1888
1819
1357
652
687
1526
2030
2029
1893
3194
3087
3021
1164
1946
1481
1478
1870
2014
2806
2292
2856
3173
1893
1881
1843
1594
1595
1941
3874
4063
2480
2868
3054
2922
1582
1338
2924
2921
3117
3245
1704
1573
1098
1302
1300
1035
2061
1820
1693
1562
2539
2352
1663
968
1568
1312
1379
1249
2773
3486
358
673
850
1300
1747
658
274
292
1707
1521
2983
1441
1315
1901
3244
2736
1784
826
415
785
1677
1934
2898
1563
2915
3370
1574
1382
1126
804
2021
2661
2148
3231
3368
1271
1141
134
522
2284
2806
1386
1255
1807
1863
2644
2139
1822
2026
2810
1766
1640
1965
2664
3375
3553
3479
3599
3343
2463
2400
2341
2403
2400
2550
2419
949
559
622
2007
844
852
854
2007
3443
3186
3117
2492
1917
764
572
202
728
465
272
217
671
359
504
746
1068
748
2731
3001
1625
2458
2431
1776
1132
1114
1670
1763
2100
2418
2102
2878
3312
2986
2790
1128
870
693
1013
1069
1020
1295
975
2072
2318
2635
2340
2288
2096
2166
2290
1847
1511
987
909
2645
3547
2213
1631
601
663
343
2339
3175
3183
1714
1563
1487
2316
2186
659
534
342
347
1765
2081
2651
2974
3405
1104
1072
1262
1084
2618
477
467
587
590
292
2541
3570
2583
2267
2353
2410
1385
1552
1440
1136
1071
1512
2224
1575
1723
2778
2969
3220
1430
1164
717
2100
3374
3691
1273
870
795
2196
2468
1375
2531
2721
1628
2722
1954
1312
1197
1565
2541
2475
2109
1339
1122
1188
2019
2914
3088
2950
3015
1163
2826
1444
1899
353
217
844
2251
2573
2965
3304
3511
1454
1709
1260
29
216
1058
864
1185
162
2899
3157
3770
3513
3771
3605
2069
1420
2918
2730
2867
1265
1640
1895
1885
729
1045
1111
2207
2663
941
1512
1257
2380
2322
3815
3497
1706
1182
1894
986
596
1052
1002
1850
2096
2390
2599
1959
2316
2571
1951
1681
1679
1111
923
1129
1321
884
882
502
828
565
753
501
1698
2022
2593
2591
2529
3118
3246
1721
1468
1912
1657
1213
1323
1122
115
1140
990
972
974
1615
2152
999
805
189
444
2343
1569
1313
1382
1576
784
974
720
536
1369
1558
792
1938
2128
1937
1506
2001
914
667
688
686
2008
925
428
279
281
585
2391
3000
2103
953
698
434
428
281
2735
2603
2542
1195
870
372
1114
1308
2775
2973
3358
3641
725
1589
1270
1384
1233
1290
1871
2578
3186
3052
2738
2969
2580
2577
2124
1354
2060
2058
867
801
1994
1521
1328
2095
1257
1243
865
1623
1894
1763
1699
1689
1627
2331
1771
1704
1623
