2075
3368
3503
3632
3876
3176
423
478
661
539
711
3334
3089
3278
2602
2669
1459
1073
977
1044
1802
2308
2242
2246
3348
3551
3184
2668
1361
1170
1997
2185
2252
3424
3288
3311
4075
3882
1205
1081
874
1323
2593
2846
2719
2205
2837
2855
3758
3752
3738
1386
1519
1458
706
2485
2490
2423
1025
3269
3269
2205
1515
1747
2064
2066
3043
3037
1459
674
476
344
999
2699
3137
3054
3199
2330
2159
2090
789
793
2023
2155
2466
2652
1884
1571
2024
2348
3362
3615
3721
2309
838
853
1236
1306
803
1078
1337
2938
3511
2462
2207
3224
1359
1489
1877
2326
2402
1120
1965
2932
2871
3573
3022
3142
1415
1224
2005
2325
1815
3140
3458
4085
692
724
413
403
1776
1689
2403
2715
2712
3349
2600
1818
1752
3343
2416
2097
1244
358
1027
1029
2181
3596
3873
3830
3832
2469
2461
2586
2317
1120
866
1509
2543
2201
1829
1895
1889
2533
2512
879
684
1375
155
159
2038
2087
2271
2269
1621
1561
535
1694
1886
2600
1882
1690
2392
2386
2636
2886
3498
3701
3265
4033
2148
1891
1268
954
3341
3469
2071
3031
3503
3509
3498
3559
3812
1445
613
460
715
851
2777
2777
2776
3046
1589
1268
1398
592
2988
3707
2900
1701
1757
1753
1681
2886
3013
2916
1957
1239
1330
1266
2103
2606
3538
3271
1605
2307
670
2569
1641
1497
2731
1884
1956
1883
2080
2402
729
1680
2896
3096
3298
3429
2614
2093
1967
3493
3426
1588
1565
2211
1107
720
597
3406
3691
3378
2804
2038
1717
2290
2781
3426
1241
1041
718
2714
3100
3224
3413
3524
2016
1698
786
1423
1939
1875
426
170
2131
107
2565
3188
2079
2015
1961
1907
2037
3507
3831
3961
882
627
1264
1481
1288
2309
2093
1755
1236
1110
1947
2670
2093
3281
2698
2636
808
686
563
1449
1579
1425
1893
1876
2955
2508
2504
2619
2171
1189
935
996
748
1765
3557
4007
2595
3095
3476
2824
1878
1447
3413
3731
2760
2638
3208
3400
862
865
1304
3249
3448
2937
939
1958
1266
1000
795
786
1040
670
3372
3126
3259
2637
2508
2441
2580
1740
3032
2958
2249
1994
866
740
732
539
282
971
848
2291
2932
3020
2533
2526
1270
628
421
407
528
1670
2631
2894
1937
2155
1954
1439
1830
2225
1958
1831
2059
971
873
1769
2923
873
1319
2383
2059
1807
3183
3377
1589
1784
2082
2787
3017
2886
3270
647
667
739
934
691
950
2489
3315
3254
3193
2902
3156
2723
2467
2713
1192
1238
1178
1547
3080
3170
3440
2931
2476
2346
2346
2285
2354
1577
1959
1318
940
1131
1071
884
1360
1365
2888
3315
2998
1967
2024
2140
1493
1359
1319
1362
1285
707
1224
2422
2740
3425
3859
3990
4054
1694
1313
1054
1172
1233
2376
2738
1011
818
625
718
710
1373
1563
1630
2785
2146
1887
2674
2993
2719
2502
1290
908
804
1846
1973
2672
3366
3618
2529
2150
1386
2078
1963
1016
763
1096
1484
2059
2829
3292
3185
3118
1125
1243
1051
2266
491
478
2268
2398
1906
2420
2533
3562
3529
787
662
746
685
690
694
1266
1204
1144
685
549
2147
1995
1934
3660
3475
3286
3304
3178
3308
3377
745
543
519
777
436
562
944
2139
2775
3615
3554
3483
3403
3681
3739
723
981
552
224
1067
2142
1757
2768
2342
2423
3508
3320
2319
2513
1674
1674
2517
3227
3481
3380
3320
2276
2072
2069
2444
1249
612
2219
1579
2710
3220
1323
1514
1516
1514
1837
1876
1942
2708
2588
2677
2789
2792
2794
2028
1581
914
718
947
2140
3041
2795
2857
2539
2794
2856
2923
3049
2538
1581
1268
1880
2394
2716
3098
3297
2667
3119
1135
1240
1371
1937
2391
2332
2205
2396
1831
1831
2332
1562
1496
880
2614
2931
3239
3893
3831
3142
1988
559
566
232
1317
989
912
997
999
2859
2985
3148
2524
2338
3229
2529
2338
2912
2657
1503
1492
1865
3272
3332
3294
3609
3686
3560
3386
3261
1076
877
591
1930
1495
2452
3555
1529
1331
906
1604
3460
3186
2268
2130
2187
2836
1569
939
2791
2723
2594
3573
2460
3210
3589
3779
4086
3959
3767
3633
3823
3560
757
803
799
652
1091
1730
1223
2575
2100
3176
3507
3828
4089
819
1139
1358
2166
1676
2245
2290
1950
2544
1699
794
537
420
1073
1717
2422
2806
3490
3471
2180
1500
1953
2341
3101
3470
2381
2600
3054
2035
2228
751
669
907
607
613
687
952
3227
3532
3163
3220
2318
2062
1873
3218
2861
1075
2426
2618
2105
1348
1050
1027
3394
3650
3944
2971
3163
3617
2255
2063
1442
655
2101
1908
1643
1909
1970
3406
3554
3544
2213
2677
2551
3565
3786
3695
1081
540
720
1480
2119
2506
2265
1953
625
3165
2834
2153
2896
2219
2550
2360
2167
3309
3313
3741
3931
1745
1496
1498
681
2217
3021
2970
2973
3141
1797
1100
1553
1846
2236
1951
3315
3248
3313
432
757
543
2455
1762
2649
2581
2910
3040
2784
3105
2348
807
674
3420
3233
3663
1675
1033
2254
2721
3296
2891
1418
983
1047
1371
1912
2170
3311
812
675
543
1801
1797
675
480
733
1645
2268
2762
3119
3440
1973
1232
1161
656
336
1953
1886
3294
2568
2439
2357
2714
2778
1932
1549
1691
2795
2273
858
1506
658
1168
1490
4006
3747
3747
3747
3408
3492
3704
2845
1591
1592
664
1008
1200
1882
1417
324
139
3043
3110
1557
1828
2910
3164
2207
2154
1948
1570
1048
925
2261
2254
2259
3739
3887
2353
1963
2150
2330
2198
2330
2725
998
1244
1177
1246
1178
1162
1305
884
693
3380
3735
3473
2397
1881
1486
1045
795
538
401
1896
3300
3360
2971
2014
1119
2209
787
1205
2383
2764
3505
2576
2827
2828
2454
2453
1201
1201
886
1099
1224
2434
3573
3572
3112
2291
2267
2137
2081
859
982
3499
3247
3255
1946
1410
951
2430
2430
2430
2333
2204
2013
2215
1694
2181
2503
1841
2487
2024
2022
3140
3147
849
1140
1128
1750
3831
2412
2337
2510
2391
1929
3056
1999
1748
2100
2991
3190
2925
2251
1110
1194
1134
2457
2016
2281
2542
929
676
406
477
400
2375
2412
2016
1572
1633
2719
3111
883
753
852
1283
1698
2524
2759
2620
1721
1913
2139
3224
3621
1548
1179
2081
2078
1186
1011
717
337
2358
2529
2011
3176
2674
2099
1905
1971
874
1295
1678
1220
1696
1946
3171
2979
2654
2646
2133
2743
2488
2107
935
745
1517
1579
3010
2712
628
689
970
583
200
204
333
653
2957
2995
3055
2137
2709
2714
1838
1770
684
969
842
2182
1929
2569
3376
3250
2268
1572
3222
1738
998
686
494
3190
2934
1157
2465
2077
2397
2443
2338
1130
873
2386
2644
1131
874
2398
2087
988
865
525
519
1510
1577
1122
818
3223
2785
2852
1867
2313
2250
1739
995
845
773
1944
2763
3082
2635
2894
3575
1393
814
1382
1440
2032
2292
2422
3360
2780
3211
1837
1710
726
654
523
330
331
299
297
822
1145
3572
3177
2053
2244
2139
2205
1199
1325
1048
3429
3365
3499
3833
3273
2243
645
497
1184
2274
1889
1688
1361
3480
3059
2490
2729
2206
1188
673
1738
1929
2249
1738
2145
938
682
2699
2641
2641
3825
3508
1311
786
714
708
1238
2019
998
2862
3054
3187
3316
3509
3636
2649
2524
3275
3598
2371
965
523
413
435
1763
1443
2968
2901
3158
3596
3853
858
798
740
1719
1971
2016
2019
2019
2853
2973
1805
749
342
208
1788
2035
3716
3716
2099
2594
3167
3481
2211
2593
2718
2886
1671
1362
1322
1393
1445
1315
3510
3764
2789
2730
2734
2588
3283
3157
3160
1293
1667
1636
2146
2339
1653
1714
1602
902
1251
2146
2403
3316
3118
4024
1586
1527
1613
2196
2633
2022
1962
2069
1636
1618
1118
802
2199
1992
3659
3037
2851
3573
2230
1839
1394
686
660
1897
2358
2736
3744
3281
3850
3962
3835
2868
1334
887
846
1542
1799
1997
2149
3698
3705
3722
2840
3094
2988
2613
2358
2419
2503
1378
614
3752
3893
3825
4083
3654
4035
2954
2948
1385
2191
1182
1954
2079
2212
2078
2329
2510
913
984
888
1463
1593
1334
1335
1400
1400
756
958
1463
829
2198
1777
1207
710
2029
1929
1803
1350
1356
1221
2356
2612
2067
2137
2649
3411
3168
2356
2037
1802
852
658
1217
2755
2221
1955
2267
2016
1890
2219
1387
1395
1625
1815
2079
1810
1826
535
2571
3188
2424
1721
1713
1746
1487
1242
1245
1195
1329
2666
2530
1553
1359
2313
1859
2931
3447
4088
3352
1768
1227
3465
3884
2811
1466
2908
2213
2025
1234
1034
2308
1639
1256
2394
2647
1367
3159
2097
1808
1511
1940
2334
2215
2202
1830
2330
2506
2440
2349
2471
2915
2103
2613
2203
1569
1376
2439
2378
2075
2267
2586
1313
872
1465
1292
1532
1341
1481
1541
1359
1966
2083
2071
1186
1484
597
2197
2450
2657
2550
1071
1524
1735
2564
1354
1198
1442
1631
2583
1868
1396
1456
3766
3958
2838
3091
3028
1311
1567
2522
1298
1427
1677
1134
1136
493
3236
3615
3293
1429
401
918
1557
3212
1748
1104
482
2359
2607
2636
1754
2831
2893
2779
2901
2788
2633
2372
2149
2978
2783
3122
2808
1333
1992
2002
1697
2606
2864
3464
2659
2017
2202
2530
3104
3296
2308
1985
1328
1584
2157
1111
1307
2549
1950
1632
1575
1698
2221
2650
1968
1938
2031
2719
1999
1566
1506
2203
2651
1941
1696
2351
2969
1670
1101
1582
2038
3125
3319
3250
3313
3376
2185
3700
3377
3379
3379
2195
2067
2067
2003
2001
2589
2787
2986
3125
3578
3252
2788
2922
2920
1558
1311
1364
2802
2476
2425
2106
1531
2959
3720
3718
3722
1320
1138
1081
283
329
1355
1238
2267
2183
2850
1654
1208
1715
2739
1416
1540
797
1142
1886
2465
2531
2124
1102
726
594
1030
1249
1315
1016
2403
2403
1960
1960
1272
2412
1080
2197
840
2015
2469
2471
3087
3431
1181
1422
3088
3535
2723
2407
3765
3957
2871
3892
1519
1137
1222
1356
2449
3061
3630
3449
2745
3705
3637
3578
1738
1495
2441
2241
1572
1457
1971
1569
929
2652
3056
1927
1056
822
1787
1852
1660
1503
1567
1371
1636
1761
1955
1955
2202
2028
1515
2764
2264
2257
2182
1687
1625
3380
3579
2598
3386
3645
2841
2907
3656
1601
1039
1717
2414
2673
1567
1757
1869
1874
886
429
279
3284
3166
2781
2080
1881
2891
3302
2419
1111
677
2625
2576
2416
2399
2588
1950
1510
1621
1553
2198
3339
2744
2211
2023
2616
1143
993
2949
3460
2320
2132
2472
2479
3244
665
834
2713
2359
3065
2469
1684
1545
2886
3077
2697
1589
1143
1050
2088
3194
3256
2461
1953
1951
2000
1678
1397
1325
1511
1311
1105
1052
730
614
812
2538
3451
3958
1838
2127
1694
1688
1816
2282
2718
1753
1506
1835
1645
2521
943
1448
2107
2248
1436
728
1823
2332
2356
1587
1102
693
3277
3341
3595
2465
2203
2386
2562
1231
1959
1959
1299
2274
3615
3634
1801
1551
393
662
1493
1317
1464
2837
2703
2763
2275
2210
1890
2401
1353
1031
1049
1180
1034
1013
3574
3506
3759
3561
3470
3472
3332
1989
1284
2398
2186
2776
2402
2397
1772
1585
1654
2661
2271
2255
2115
1108
983
2232
2545
2783
2849
3396
1387
1107
1243
1164
1881
1863
3375
2423
1573
997
985
1110
2952
2119
2888
2055
2439
2968
1546
1281
627
963
1409
1026
2691
1891
1684
2293
1909
1590
3225
3618
2571
2946
598
725
727
972
1639
1975
1721
2427
3812
3683
3570
757
1013
2700
2267
2195
2565
1246
610
1848
2502
1720
2077
2719
3666
3553
3472
3550
2345
3014
849
2435
660
1489
1369
883
1787
3898
3738
3727
2408
2155
1240
1874
1415
2087
1199
1069
784
2004
2215
2064
2248
2037
1777
723
456
941
2157
1814
1966
2527
2649
2375
2413
3692
4005
1559
1756
1828
2147
2519
2653
1966
1755
3161
1037
847
2636
3755
1912
1143
2085
1500
1835
1025
769
2323
2387
1611
2474
1884
2126
2059
714
1438
1757
2077
3372
3743
2539
2476
425
905
1225
1001
1255
2508
1284
854
2298
2420
3957
3758
2695
2755
2390
2267
2010
1504
1437
2129
3148
3181
2675
3619
3999
3873
3784
3981
3526
2219
2023
1067
2394
2576
2503
1545
1290
1674
2356
2102
2865
2792
1388
1068
926
812
1964
3122
1818
1563
3158
3415
1906
1846
1976
786
524
1577
1694
1691
2458
1399
777
963
643
581
1865
1865
1693
1318
1847
2100
1910
1317
1256
2211
2532
2636
2186
2311
1120
996
471
2744
3260
2659
2334
2295
1462
2174
1346
2840
3094
2503
968
995
1137
1269
2736
2926
1692
1688
1288
1876
1563
1643
1836
926
2408
2699
1670
1561
3297
3677
1974
1645
3750
3752
2289
1938
1736
1226
1840
2863
2929
3337
1738
1806
2254
2590
1826
801
1076
2156
2662
3301
2728
1805
1209
2063
690
810
1512
876
1003
1133
562
2100
2161
3346
1933
2123
1564
1879
2590
3283
3270
3716
2613
2741
2069
1549
1419
2657
3033
3415
2533
1774
2537
1948
3291
1609
1419
1238
1707
2931
2081
1762
2331
1646
1705
1686
2697
2983
3282
3472
3177
2598
2925
2460
1930
854
679
1590
1708
2086
2033
2483
2610
2799
2606
2212
2213
1948
1056
1054
2888
3275
3404
1712
2169
2683
1775
1907
1518
1997
1929
3042
3107
2931
3057
1354
1256
427
3379
2865
2891
3163
3289
3296
3505
3379
2731
1373
3094
3223
2909
3034
1247
2145
2336
2505
1627
2200
1675
2372
2037
2295
2041
1578
1704
1646
2656
2467
2210
1254
1245
2126
1453
1715
1312
1373
1299
1351
489
622
3736
3544
3617
3817
3258
2321
2323
3175
3174
2981
3047
3114
2994
2266
2584
1320
1069
1361
1361
2778
2969
1617
1809
1889
1521
1455
1648
2991
727
603
1056
602
800
685
1948
999
792
1053
1245
1385
3045
2984
2461
2332
1382
1254
992
2858
2983
2285
1203
1584
1650
1239
3169
2351
2669
1266
2608
2604
3293
2667
1363
1170
1001
874
952
3173
3227
3223
3223
3229
2989
3057
3001
2875
2928
2141
2778
3034
1574
1456
412
585
3283
3492
3675
2907
1583
1457
2361
989
4033
2070
862
472
343
2599
2287
1967
1767
1706
1336
1723
1700
544
2066
2196
482
353
458
580
352
1719
3241
2837
2195
2320
1938
545
352
1762
1039
803
399
1735
1882
2397
2716
2647
2145
2034
1965
1014
1145
804
529
336
899
1490
1825
3411
3295
2018
1953
1167
524
1636
2679
3548
2915
2080
1251
1129
696
335
267
2456
1823
1755
2765
3139
3082
3246
3638
2340
1908
889
570
372
1563
1246
358
180
1903
3470
3216
1436
1497
1668
1541
902
1499
1559
1702
1940
2636
2082
931
736
1763
1892
1961
1772
734
800
3553
2789
1567
1935
745
618
1847
2041
3027
2832
869
349
990
1310
682
1036
1898
662
614
724
2450
2850
3042
2014
1766
1899
3121
2998
3004
2981
1370
1241
1196
1127
3364
3296
2536
1706
1191
888
889
1193
2707
2826
1948
1178
1585
1038
1035
1376
1778
1696
1691
1754
2018
1780
1630
1690
1163
1445
1715
3044
2148
2919
2793
1767
1182
914
975
2956
2851
2793
2662
2974
3082
584
516
1117
977
686
1843
2717
1768
1308
979
908
709
1964
2348
3180
2348
1382
601
535
932
1428
730
433
376
2538
2156
604
537
423
2143
1637
1838
1424
1359
3036
2277
2017
2277
1901
1903
1443
1812
1900
1902
2465
914
784
725
796
3358
3044
2035
2098
2100
1760
1569
849
1106
661
1826
1634
554
233
363
937
1490
1620
1877
2785
2530
2465
2790
2789
2536
1888
1831
814
2031
3367
3091
2209
1764
1759
1702
1243
1437
1436
3544
3799
1948
1365
490
228
454
2059
2448
3085
3233
2471
2029
1393
617
2078
2011
1516
1514
1893
2596
3022
3084
2632
1764
811
867
1124
2324
1876
1955
1637
1382
734
588
2759
2829
2390
2465
3045
3669
2087
1384
928
803
1318
1826
1304
981
805
870
1890
1828
1962
1371
1044
984
874
2021
1812
1052
868
861
866
1690
674
740
666
1688
1627
3167
2928
2672
1903
1333
1335
1333
730
731
730
2640
743
667
1183
489
524
528
983
1127
619
503
2156
2785
2769
2134
1706
1833
870
1039
1034
2251
2545
2680
2162
1065
1000
1895
3813
3095
2526
1702
1830
2262
1048
741
949
1118
1189
1751
1251
1240
918
1430
1941
2261
1049
1003
2286
2346
2284
2410
2291
2803
3035
3422
3121
1508
1318
943
756
2231
2160
2029
2030
2097
883
820
851
593
2968
3093
2090
1382
1195
1428
1491
1054
1058
3425
3616
2976
2611
4052
1098
966
644
1285
1555
1490
2229
2161
1441
906
773
853
1005
1078
627
626
2286
2079
2316
2506
2161
2078
1948
1824
2527
1954
1507
673
972
1674
971
967
965
970
966
971
692
759
2420
2013
1065
620
765
1334
1530
1213
700
1169
1564
1180
1617
1878
1693
2009
2072
2074
1887
595
538
609
561
1013
2545
2351
2140
2142
1888
3416
3293
3188
3126
1892
1383
1558
1737
1736
3041
3114
3239
3351
3296
3362
3239
3170
1179
280
99
97
106
2910
2848
3614
2973
2725
2788
3619
3792
3723
1749
1941
2002
3041
3475
3602
3363
3046
2919
2100
1612
2762
2950
2457
2146
2150
2212
2215
1578
1491
1050
611
1450
1579
672
482
2831
2637
1372
545
1449
1579
1644
3693
1880
1878
1311
1182
2649
2091
1692
1815
1246
2081
2390
1436
1181
1310
1245
1328
1205
1199
1130
1134
1199
1326
2149
3040
2699
1576
1194
1893
2087
2267
2328
2331
1119
1179
1006
3111
3289
2396
2329
2456
2475
2800
1562
1369
752
2977
3099
2703
2122
2406
2970
2972
3095
2922
2861
3283
3153
1054
1063
1054
1126
2466
2470
2921
1747
1182
1630
1433
873
875
1701
1824
2208
1633
1739
2058
2254
2293
881
3099
3299
1433
1106
1494
1893
2088
1518
817
3231
3299
2524
2084
1756
1568
599
453
450
1766
429
357
732
735
3147
2660
2022
2014
1641
629
567
3236
2973
2716
2092
2132
1294
613
945
2803
3176
3364
2677
3092
3023
2402
2407
1953
1573
1309
606
726
1245
1446
1391
1136
2257
2576
1952
1245
538
479
1569
2674
1951
2275
750
877
601
475
1356
2385
2446
3469
2596
2279
2975
1376
486
614
1048
2192
1763
2787
2159
1902
882
859
2771
2713
1506
1187
1905
1837
782
1805
1870
1441
1623
1879
1315
682
3293
3232
3228
2221
728
593
1096
854
691
3249
2664
3251
2359
1463
3405
2266
1686
2001
2027
425
555
2103
3112
2714
3033
2339
2468
2155
2167
2006
3216
2011
2722
3112
2867
3057
1192
1197
1587
1648
694
912
970
1554
2324
2261
2783
2844
2083
3039
2974
2783
1685
796
617
1459
2731
2793
2718
2455
2147
1386
416
738
738
799
610
495
737
2403
2337
1576
3298
3122
2994
1508
2212
1117
1698
2085
2100
2415
2457
2016
1887
1441
1498
1379
1953
1951
1503
938
424
403
790
1052
1891
2596
1684
1383
2278
2404
1563
1583
1399
180
247
224
402
597
595
983
940
1207
247
248
292
3362
3174
859
538
423
811
2398
2323
1925
1878
675
2147
2419
2360
3691
2911
2079
671
2471
1062
616
730
971
1004
225
154
3088
2269
2460
2537
2599
2727
2601
1873
1633
535
356
562
248
2800
2132
1763
1357
1229
3534
3239
1636
1822
2072
1573
1000
1183
628
1843
2101
2385
976
1120
812
625
427
789
269
1426
864
413
403
792
2076
2719
2985
2480
3239
3291
2532
1197
1326
1517
2252
1314
665
740
877
2228
2231
1081
684
1629
2504
2248
1502
1439
1629
1315
1198
2676
2899
2574
1934
1995
1934
1996
1751
1997
1630
602
532
536
542
532
614
537
599
605
613
1572
2596
2470
2399
787
2525
879
881
944
683
3046
2525
3485
3359
2083
1824
1377
2582
1695
402
336
811
1200
3549
3427
3175
1243
739
613
585
1516
1970
2983
2915
2033
1971
1905
1906
2036
2035
1381
786
1867
872
2339
2214
2207
1069
1143
955
1770
2516
2390
1667
3032
2901
2774
2581
1745
1871
1619
1001
786
457
391
323
327
330
68
71
716
774
776
2589
2841
2586
1771
2702
2826
2841
2731
2605
1260
684
875
2828
2760
2950
2126
1995
2061
1693
2018
1327
428
3037
3163
2218
1457
2107
1160
1158
2588
1289
1291
1030
1129
809
850
775
2574
2453
807
809
2285
2520
2327
2642
998
2404
2852
1120
983
741
2257
2316
1316
1060
1643
2679
2598
2788
2337
2332
1255
684
2228
2162
1905
2233
2234
3299
3115
2985
2003
1944
1645
605
267
265
331
107
169
760
954
820
629
2728
1709
629
2846
2138
1047
985
753
686
3235
3164
2910
2344
2279
1453
496
501
435
172
971
1699
672
587
3605
3103
2780
1893
2777
2779
2780
1777
1910
1974
1321
811
809
1042
846
2450
2771
3154
3730
2603
1782
1078
892
755
752
1125
934
1125
934
484
980
1236
1046
1359
3282
3088
3663
3609
3050
2991
2996
1572
1245
1306
1550
2964
3101
3234
3426
3661
3606
3796
3862
3298
1751
212
338
1393
2853
1971
1333
1256
1876
1881
1745
1560
1679
1639
1454
1365
1483
1539
2599
2848
2654
2843
1001
302
351
1372
1377
2587
2842
3028
1954
934
968
710
677
612
1082
3108
2772
2463
2339
1766
1781
1785
1916
3491
1938
1740
1898
1531
1658
1719
1659
992
3098
2972
2597
1184
2337
1869
1960
686
624
546
789
3169
3173
3125
3043
3724
1864
1743
1567
1255
483
532
1767
811
756
1998
2513
2642
2279
3387
3448
3004
3173
3103
3529
3468
709
337
485
696
1720
3101
2959
2824
2820
2181
2121
2210
2547
2294
2292
3575
3449
2236
2716
2527
2402
1635
924
413
1737
3169
3189
2152
1638
1322
2148
1443
412
280
1755
412
343
1368
1067
2454
1588
1527
2263
2320
1331
1462
1528
820
2037
2106
1943
593
205
451
1097
1606
1223
865
1143
2102
2291
2018
2009
1894
1878
1556
1675
2464
2778
1934
1046
529
1711
1844
2847
2651
2487
2549
1745
1895
2531
2342
1686
789
928
1069
1204
2485
2529
2895
2333
1368
1503
1249
1119
1119
1376
1432
1302
1265
1302
1171
1173
1051
2599
2546
2101
2256
2117
1668
1952
1577
1489
720
715
825
1208
2681
3833
3491
2778
2083
1512
2376
2817
2446
1751
1319
1174
791
342
2141
3289
3294
2088
1870
1305
1960
2152
2219
2417
1949
2266
1840
1783
1959
1835
1302
1816
2076
1630
1713
2201
1773
1840
1313
1122
1549
1672
1060
1205
2214
1122
725
467
1381
1650
1710
1528
1506
1371
928
674
604
789
2002
2505
1992
1390
1513
1642
1376
1246
1706
2282
2530
1755
1829
1201
1142
541
773
643
1937
3186
3383
3193
2934
2617
2622
1589
1334
1300
809
623
402
462
3230
2854
2539
2804
2998
2906
1387
1198
1200
1300
1550
1616
1231
1955
546
720
291
231
2531
2166
2745
2908
2777
2899
3097
608
1998
862
737
286
1869
2129
1939
1643
1579
1571
1510
1563
1561
608
737
744
796
2180
2569
1570
988
361
365
2851
2214
1443
1308
1316
556
236
795
1506
1972
1969
1506
1441
1149
1342
2845
2829
2770
2349
2475
2097
1904
1955
1038
653
3033
2087
1908
1951
2134
2261
2091
2008
1037
588
1875
1104
996
1124
1119
2336
1823
1835
2616
3048
3059
2856
2791
2965
2339
2857
1365
1044
1264
1340
2288
2349
1622
1366
980
657
2965
1237
1044
2070
1140
476
1672
2053
2180
1228
910
2526
2389
2477
2549
1078
945
1458
1378
787
723
786
1162
710
1376
1315
1964
1957
1271
2466
1570
1503
2205
982
674
684
811
1100
2319
1549
1169
845
1612
1678
2343
3347
3541
3368
3246
2537
1818
2478
3310
2616
1913
944
1118
1366
2898
2121
1801
840
982
1814
1760
1633
737
607
949
1333
1595
502
1467
1724
2108
2932
2913
1940
2091
2509
2058
1690
2074
1900
2417
3195
2426
2891
2445
1691
1625
282
461
2780
1998
2183
1307
1193
815
560
1781
2100
2477
2908
3534
3720
2375
1374
1322
1321
1590
1752
550
487
855
614
2225
3175
2910
2721
2098
1511
423
790
615
1940
3777
1819
1063
948
697
654
1411
3527
2340
2149
2552
2406
1703
877
571
2400
736
543
1234
3465
2846
1906
1898
2714
2718
2785
2779
1816
2083
1809
1680
519
1303
1622
1721
2940
3254
3822
3970
3905
2753
1217
257
260
482
939
1058
1325
1849
1389
1119
3104
1388
1389
992
2191
1832
1454
1389
1848
2202
1194
817
624
658
718
1928
1575
3490
3603
3344
1946
1440
1317
1259
1585
1977
3215
1230
589
796
1777
1715
2207
1492
1296
2264
2601
1582
1642
1907
2292
2490
2089
2030
2194
2125
1105
1315
1584
3319
3119
2407
2593
2351
2160
1355
2249
2891
2274
2278
3059
3060
3244
3604
1162
775
385
845
925
2274
1584
1456
1931
1927
4033
4033
2320
2061
461
524
1130
2208
2275
2089
2210
1172
1860
2244
2093
2420
1652
1715
1275
3041
2915
2775
2276
1899
1903
1851
1340
1817
1125
1052
1627
1738
1418
996
1446
1310
1831
1639
1306
856
2523
2792
2858
1844
1654
686
862
1042
1678
1042
689
925
3160
2480
1971
1781
952
3106
1702
790
630
2293
3492
3427
2508
2565
2819
2838
2718
2717
2594
2792
3193
3322
234
290
662
485
490
1528
1523
2016
2076
911
2502
2440
1951
2469
1528
2275
1298
527
424
689
1977
2022
1684
1232
847
592
206
1234
1365
2882
3140
1880
1369
2343
623
475
977
1433
1958
1759
1564
1624
1241
856
1262
2216
2151
1718
1904
1627
2713
2851
1968
1774
1495
1830
1966
1573
2781
2850
2806
2937
1821
1630
721
673
1144
2482
2603
3625
2522
3750
1820
1565
1643
1772
1913
951
1240
2015
1127
977
2194
1321
2217
2284
2328
1318
1065
1755
1821
2414
1821
1063
1366
1609
2764
2579
2214
2294
1825
1569
982
1566
2200
2387
2002
1502
1441
2068
1446
289
1777
2227
2611
3293
3354
2962
3270
2499
1830
875
353
30
3045
2738
2281
1323
654
1930
2705
2454
2524
2275
2282
1972
1206
2037
2103
2300
2453
2833
1756
783
1844
3604
1299
587
912
1141
1908
1756
650
516
1693
1032
643
1121
1126
2207
2328
1819
1589
1718
1468
1309
912
2404
992
597
772
1178
1365
2765
2253
2135
2210
2469
2079
2081
2103
2941
2604
2529
1881
1619
859
677
2906
3095
2695
1358
1161
1062
1519
2670
2799
2026
1964
1512
1816
3492
3739
2825
2631
1482
1420
1581
1404
2289
2469
2660
2481
2548
2220
2272
2416
2738
1122
736
1619
2255
2205
2353
2738
505
353
3333
3404
3105
2983
2740
1639
1577
875
1746
1683
2128
1682
726
550
689
3346
2639
1953
1703
1641
2274
3279
3465
3461
3208
3281
3167
2613
2422
2355
1488
1746
2062
2319
2447
2213
2007
621
543
843
967
1351
2706
2825
3038
3165
2675
2795
2413
1837
2092
2278
1777
917
1640
2218
2343
3572
3767
2795
2543
4087
3577
3576
2606
2405
1709
484
979
2394
2461
1187
1057
846
3086
1952
2076
1909
751
875
1057
939
1992
1929
1633
875
429
2911
2907
2971
2970
2970
3034
3163
3224
929
482
543
1367
2002
2263
3163
3037
3224
3163
2732
1436
1235
222
2057
2436
1889
1956
1896
1975
2228
1632
1564
416
2071
2137
1491
1766
1053
1805
1351
1166
622
431
361
1141
1697
1234
1697
1631
2087
1067
1066
1236
2519
2868
2325
3238
3058
3060
4034
1499
1773
1644
1046
796
619
1519
1710
2906
2795
1516
1646
1429
1579
1645
1811
2002
1503
1370
591
584
1073
1396
2422
3442
3623
3304
3751
1519
1201
1266
1057
1046
1236
1234
1038
455
546
426
1624
1324
1336
3433
3356
3224
3310
3635
3374
3774
4079
3731
3273
3143
2586
2790
2537
590
395
2645
2842
3144
3284
3396
3832
3449
3388
3897
1770
1832
1762
2128
2250
3554
3237
3370
2164
1205
949
2138
2003
911
395
745
955
1521
1505
1493
1292
713
337
458
1006
1653
3892
3313
3101
2518
2123
2248
2018
1941
1105
1351
3440
3303
3638
3617
3479
3084
3172
2914
2136
1701
1626
2078
1814
3015
2760
3095
3166
2204
1557
1646
3448
3376
3112
2915
613
418
1564
1801
839
2763
3025
1313
925
846
2124
2465
2214
1187
1380
1767
2483
1684
975
197
587
591
1259
753
633
692
1392
802
662
583
1013
2168
4015
3687
3744
2973
2233
1711
738
1632
1241
1678
2635
4071
3699
2039
1080
946
1002
1252
1179
1200
1426
779
1308
1511
1649
2661
1756
2521
2789
3570
3764
1504
2915
2786
2854
2855
979
586
262
590
1012
1967
883
569
849
1292
1809
2078
1767
820
632
659
971
2254
3417
3627
3121
3831
2014
1944
1622
2966
3097
2964
3111
2966
2898
1432
1177
2031
2421
2361
1307
793
796
3489
3372
3189
2037
2800
3310
2353
2728
1259
754
354
719
715
721
598
1698
554
362
2354
2932
2935
2576
2249
2056
1951
615
1227
2502
2312
3305
3257
3706
3584
1780
1517
1803
1880
1303
1037
649
877
820
2602
2591
2027
2155
1956
1875
2572
588
336
937
1335
2427
2171
3254
4085
3730
3537
2637
2445
1552
1254
1573
1383
745
800
525
651
2763
2765
3232
3182
3383
2995
2355
1638
1066
332
205
73
1109
1112
1617
205
137
136
10
69
1314
803
730
1166
2652
3105
2724
2467
2732
2800
2032
1771
1812
1934
2462
940
692
695
1615
1800
3077
3816
3630
3516
3776
3648
3520
1445
1130
1332
1656
1488
1420
1410
3744
3433
3313
1891
2262
914
523
789
1701
1893
1779
1958
3318
3315
3306
2824
1257
1053
1119
2345
2410
2355
1510
1322
1075
1013
1848
2229
2089
2087
2089
1877
1428
1365
1117
1186
3233
3104
3671
3927
2864
3057
3040
1297
1760
1438
1803
1863
1646
1455
1969
1973
1970
2674
2546
3059
2546
1377
1109
1037
1233
1613
1547
1608
1442
1635
1736
1606
1993
1769
1627
1579
941
1455
1199
751
683
1307
1489
538
859
2207
2339
2349
949
757
611
605
595
657
524
2184
2061
3149
3283
3429
1694
666
590
522
138
394
526
1956
2146
3179
3435
3561
3564
3308
3435
1759
924
1180
1300
1108
2774
2907
2911
2980
2856
2987
3746
3675
3604
3468
2650
1869
1356
2057
2702
3368
3187
2099
2025
2344
1572
1107
711
262
264
858
884
1446
1332
2617
3513
3383
1497
1430
1304
1952
1504
1505
2352
2666
3641
2733
2351
2094
3161
1817
526
390
1525
2788
2285
2282
1945
2957
2572
2332
1389
1069
1177
1874
2700
3029
3100
3298
2397
2329
1324
821
695
4085
3361
2444
1932
1798
603
747
1433
1502
3424
3284
1697
991
1063
1826
2468
3178
3064
2362
1443
1684
1107
1109
1107
1259
1393
1567
1367
1696
1641
1461
2033
2532
2401
2650
3276
3399
3205
3201
3203
1501
3234
3557
2931
1461
1073
1504
1105
1883
2855
2979
1627
862
883
3126
2358
1914
3833
3826
3679
3022
2629
1558
1424
2256
1301
1498
1055
1517
1331
824
424
412
267
69
285
1120
860
855
2415
2993
4088
4086
3495
3554
3368
1375
1612
2052
1574
943
1018
828
817
783
582
1222
846
2785
3106
3343
2259
1937
2188
1050
1072
1786
1266
933
986
969
1053
3635
3315
2924
1632
936
813
948
1973
2034
924
593
3356
3409
3559
3692
3811
2342
1696
1821
2351
2204
1826
1589
1589
1643
1761
1752
1362
531
607
2214
3180
2344
2530
3054
2219
3182
2218
1970
1047
932
618
2526
2798
2612
1976
1014
1697
2002
1864
1609
779
2016
2133
2260
2783
3113
2324
1936
2390
2388
1998
928
943
1461
1203
2043
3008
3456
3582
3386
2199
2704
2638
1949
799
1647
2103
3120
3425
2144
2072
1308
1298
722
1370
1576
1586
1582
1510
1555
1420
523
205
611
689
821
1204
1392
1448
1695
2208
2467
2524
2583
2510
1135
1335
502
441
423
920
1172
1613
1800
2052
1413
1479
844
1884
671
791
2139
2271
2281
2355
2169
1908
752
742
798
865
871
2134
1582
1386
1441
1244
987
861
1754
2133
3818
3227
2957
1178
1697
2386
2574
2700
2124
3438
2167
3436
3047
2916
3437
3562
1201
1204
1002
1257
1944
663
524
463
626
696
2042
3578
2926
2732
2466
2075
2065
1832
1120
1105
1362
1630
1259
814
949
1275
1142
750
2609
3766
3699
2795
1317
1389
2450
2447
2569
2758
2390
2141
1953
1868
2001
2863
1700
615
759
677
662
1168
852
795
1525
1400
1460
2272
1302
980
723
880
1143
1848
1562
1173
1171
659
853
1247
598
338
674
1073
1394
2986
3357
2137
1312
1334
887
1811
1420
1125
1258
1586
1138
878
2034
2810
2426
2034
3349
2710
2470
1641
1896
2195
1746
814
1080
2363
2294
2265
1937
1287
2388
2581
979
395
264
332
1699
2026
2343
2864
2810
2931
1948
1770
1388
875
2092
1708
2391
2450
1994
2056
2636
2897
1389
686
495
972
903
905
912
1501
1381
808
2273
2910
2714
1049
720
586
656
872
880
883
2973
2915
1452
1074
1063
1431
1817
1491
2135
2124
1746
1946
2337
2548
2356
3041
3096
2892
2507
972
988
1635
3183
1707
1773
2785
1312
736
689
622
1079
1209
1531
1592
2724
2781
3160
1182
815
1019
1003
1244
2587
3309
1819
1934
1744
1172
716
1372
526
843
3145
3231
2909
2930
2551
2361
1973
2489
1909
1062
1756
2143
1832
937
746
937
938
873
783
650
648
1811
858
1252
1061
1067
2847
2989
2464
1552
1295
967
2310
2119
1570
1301
650
392
332
627
695
503
3320
3064
3557
3871
1747
1615
531
404
1420
1330
1249
1561
3678
3101
1704
1718
1520
1142
2004
2058
1605
3435
3559
3319
3002
3305
1186
1000
951
1034
521
3030
3168
3105
3114
3246
3576
1899
1718
1655
1807
1477
2583
1743
1605
1671
2970
2961
3029
1886
1894
3572
3252
3105
3342
1739
1354
1880
1434
854
548
943
1779
1523
1702
1942
1559
608
734
689
755
666
857
919
278
285
351
2906
2640
3153
2961
2187
2408
2355
3128
4025
3768
3048
2660
2017
1315
1504
1485
1385
1624
1615
1620
1561
1449
1465
1942
2001
918
1271
1590
1850
1718
3575
2890
2374
2182
2127
1696
1060
1456
1332
1835
1632
1580
1766
1891
1825
1315
1048
846
776
2137
1743
724
340
984
1031
1615
2449
2844
2332
3304
3108
2611
1819
1394
2229
3046
2521
2124
2058
1568
1249
1202
2038
1850
1594
1718
2076
3037
2795
3385
3578
2679
2538
2213
2068
1743
1931
1476
1691
1905
1976
2159
1886
1748
1231
782
1260
2164
3177
2472
2153
1705
1513
936
1428
1431
1613
1736
1828
1585
1208
3692
3743
3858
3210
3153
2960
2123
1992
2138
1813
1871
1484
1283
1481
1868
1870
2128
2194
2189
2253
2191
1896
1634
1772
940
861
790
1422
1416
788
536
1015
1082
1468
2092
2150
2083
1558
1500
869
944
1654
1897
2469
2656
3270
2567
4045
4082
4092
3388
2423
1210
892
294
1522
1268
1018
1833
2844
2839
3092
2391
1613
904
648
1668
2437
2377
2205
4019
3893
2593
1313
1066
557
688
553
465
1744
2763
3278
3615
3178
3315
3431
3238
2851
2659
1749
1106
928
546
2607
3120
3000
3301
2830
1298
1557
2587
2659
2463
2996
3068
3516
3059
2893
2819
1796
1356
798
865
994
1632
1490
1543
913
713
1156
1538
3428
3643
1851
892
556
1696
2449
2639
2271
2080
2732
3315
3182
3443
2619
2107
1468
1213
1763
1761
2209
2592
2272
1298
975
2007
1831
1776
1851
2479
2069
1878
2190
2052
1796
3088
2972
2600
3509
1564
1182
1171
1248
1323
3060
3442
3384
3570
3110
3366
3567
1237
1223
1477
2569
2905
2336
1968
1207
1340
2100
2483
2799
2802
2080
1054
542
1352
1862
2138
2141
3042
2612
3172
2979
1527
2035
2354
1650
1046
531
1270
1506
2150
2792
2217
2184
1103
1694
861
1041
1955
1197
1067
926
1043
1623
2391
2198
1945
1558
2079
2204
2203
2733
2140
1881
1761
1054
1011
1590
2551
1830
1697
1227
841
1054
2477
2223
1898
1385
1696
2193
2059
2010
2459
2780
2446
2248
1735
1630
1680
2121
3466
3670
3417
2101
2416
2738
1978
1399
946
1248
1128
2481
3370
3367
3366
2500
2115
2818
2050
3075
2882
3498
1840
747
679
1952
2004
2826
3147
3271
2218
2143
2088
1703
1250
2014
1814
1363
2587
1970
1462
1016
820
1275
3508
3286
2955
2184
1094
1545
1803
1820
2279
2211
2204
1688
2408
1775
1891
1825
2208
2015
1818
1247
1452
1784
2937
2477
2273
2129
1422
1621
2277
1626
857
1253
790
813
1071
1720
2300
2361
3437
3544
2771
2184
1864
2376
3459
3589
2073
1556
1168
1709
1651
1102
910
845
1232
2485
2807
1719
2667
1696
1613
1102
1173
3823
4024
4087
3510
2681
1594
1499
2216
2098
883
758
821
1138
987
1167
909
523
2893
3474
3541
3760
2999
2551
3040
2336
1869
589
526
1839
1848
2173
1980
3491
3873
2588
1948
1556
1232
1733
1169
1861
1704
928
1353
1162
2770
3049
2486
2674
3502
3439
3442
3438
1892
1636
1515
1010
1269
881
1719
3133
3932
3417
3224
2132
1679
980
1828
2472
3432
3684
3112
2792
4066
3939
2375
2436
2244
980
854
822
1077
1368
547
1718
1335
561
546
723
1865
2183
3475
2331
2081
1715
1657
2020
2074
2467
1621
1010
1139
3064
4089
3924
3532
2821
1798
1101
850
1366
1302
1766
1068
1528
2015
1819
1692
1430
1434
1491
1548
1499
1132
1871
844
1237
1449
2094
1536
701
698
2343
4075
1692
2777
3227
1756
1565
2024
3291
4071
2807
1977
1207
1149
1208
1206
736
2066
1435
601
531
2410
2479
3504
2608
2597
1829
2533
2128
2454
2025
1566
1047
1353
1674
1352
2506
2388
2710
1757
1701
1380
3888
3822
1950
1069
1083
2539
3374
2414
1132
1706
1904
1874
1806
1357
1397
3128
1964
1515
3511
3131
2555
2967
2517
2193
1485
3095
1883
1693
526
328
1012
1911
3644
2877
2301
2779
3478
1812
1943
775
455
1058
1445
1526
1974
1661
1853
1406
3885
3423
3288
1182
737
662
915
2274
2102
2532
2336
1181
1811
2127
2001
2072
1949
1370
1187
2540
1963
1817
1429
969
2182
1864
2439
2966
2860
1906
1329
3235
3750
3880
2491
1402
891
4060
3870
3880
3491
3221
2510
1737
1418
2001
2700
2192
1361
928
1903
2737
2930
2724
2673
1618
842
814
2425
2810
3153
2127
3405
2319
1936
2336
2902
3352
3216
2593
2336
2544
2746
2611
1330
1493
1358
1555
3083
2896
2606
2971
2959
1548
1181
1461
2803
3297
3166
2009
2341
2798
2418
1589
1847
981
787
1676
1808
932
873
1267
1587
1248
1184
1868
1861
1415
524
755
1016
3380
3916
3461
2786
2018
2931
3108
3035
3035
1379
2399
3356
3165
3315
3260
1082
882
485
847
1226
1493
1306
1050
2458
3228
1630
1957
1960
1512
1548
1926
2245
3698
2551
2168
2102
1836
1896
1566
978
743
747
1521
3369
3881
3686
3742
3137
3586
3140
1539
1157
1059
1632
1809
916
469
1594
2931
3380
3111
3173
2999
2650
2518
2779
2324
2777
2583
2323
2776
1773
1884
1317
1064
809
880
945
2527
2701
2766
2631
3496
3106
3248
3057
2463
2540
2600
2219
1458
1460
1332
1522
2848
2842
2579
1423
1172
981
803
679
806
2014
1172
1195
1389
3168
3363
3245
3822
3527
2886
1095
456
2840
2842
2398
1643
1705
1498
1305
472
2707
2973
1959
1208
1336
2483
2470
2199
1706
2128
2191
2129
2133
1816
2072
2595
1942
2528
2803
1718
1955
2094
2029
2030
3384
3302
3181
2014
1950
2144
2517
2377
1825
1321
1041
1489
1684
1685
1940
1233
1701
1824
1763
1825
1565
912
530
404
481
630
1974
2551
3323
3056
1692
1626
1902
2099
1569
1877
2005
1825
2133
1876
988
862
1631
862
1052
1180
2135
1936
2465
2036
1635
1697
1826
1178
726
674
819
885
1446
1688
1879
1624
776
2915
2406
2022
2083
2210
1269
1079
883
687
1309
2380
2892
2260
2452
1571
1572
1648
1778
1499
1435
1563
1431
844
2532
2726
2531
2579
2887
2761
911
784
1121
1073
1462
1592
3133
3387
3760
3822
1568
2030
2285
2464
2582
2889
3336
3537
1183
1250
1251
1381
1631
1636
1763
1635
1764
1572
2018
2828
1553
918
601
927
1887
1960
2030
1749
1939
2256
2128
1367
721
534
669
657
2784
3175
1973
2226
1384
1256
1513
2216
1825
1684
2260
2074
2020
2150
1777
1647
1068
745
1949
1888
1698
1125
1135
1520
1456
1457
1397
2034
1955
1883
2093
1710
1303
1999
2253
2763
2972
3761
1013
687
555
1189
1306
1827
1828
1957
1956
2638
1826
1764
1827
1828
1811
1676
1610
1572
1382
1057
1820
2012
1443
1447
1057
2482
2800
2914
3167
3424
1956
1765
1762
1768
1963
2034
1905
1839
1974
1145
1374
989
803
1137
1137
1905
1826
2866
2804
2476
2979
2397
1823
1619
1574
1889
1646
1837
1425
1357
1063
1063
1317
2715
2396
1826
1893
1893
1906
1843
1847
2488
2485
2292
1779
1076
1205
996
1190
1693
1254
1129
1119
1178
1112
1127
1192
1267
1130
1128
1122
986
1819
2089
2023
2090
1511
1445
1685
1942
2441
3018
1098
1161
840
531
941
1068
534
1366
1235
1031
584
392
840
1224
1235
1236
3543
3863
4052
1688
1236
2418
2742
2931
1328
1201
1761
1456
882
1072
1651
2610
3304
2699
2507
1932
1948
1886
1762
1700
2397
2590
2675
1782
1588
1204
758
1298
1229
1293
1732
1477
2023
1960
2025
1951
2270
2074
2069
2472
2406
2790
2792
3248
2543
2478
2479
2208
1504
1568
1762
1698
1697
1830
1434
1179
987
1043
465
270
292
233
1570
1827
2848
2781
2589
2844
3296
2269
2655
2721
3289
3539
3467
3470
1484
1946
1943
2020
2282
2279
1887
1684
2508
2509
3213
2469
2019
1759
1503
1182
1309
1309
1245
1753
1749
1688
1563
1884
1814
1771
1452
1950
3233
3040
2402
2081
2147
3104
2338
1958
1830
2023
2015
2138
2073
2203
2202
2332
1254
1070
1877
2272
2332
3097
2929
2539
1132
2065
2127
2059
1989
2060
3094
2271
1064
816
568
435
298
1308
990
999
2145
1746
1105
1631
2016
2208
2146
2402
2147
1632
1623
1574
1642
1462
2097
2036
2527
2715
2315
2059
1868
1738
1733
591
529
784
2198
2325
1496
1374
1311
1199
944
1332
1523
2744
1824
1621
1047
1113
925
863
692
1393
2021
2083
2589
2588
2784
2764
1953
2214
1888
2663
3648
1819
1886
1761
1570
1193
1133
2740
3114
1697
1825
2144
2213
2208
2704
781
879
1016
933
1005
941
1825
1376
1504
2001
2191
2189
1745
1632
1505
1118
1196
1256
1582
1774
1632
1377
1744
1806
593
590
1312
1185
1757
1374
1248
1315
1772
2019
2536
2013
1886
2266
2541
3060
2551
2424
1465
996
732
660
1033
724
688
562
2017
1696
1572
1317
1706
1900
2103
3053
3252
3616
3028
1746
1874
2002
2852
3115
2298
2614
2165
1643
1259
884
742
1379
1697
1360
1826
1889
1887
1953
2084
2082
1890
1700
1824
1706
1890
1499
1888
2208
3056
2094
2145
2930
2895
2186
1673
1431
1501
1509
1249
1382
2077
2441
3417
2312
846
1234
463
746
1333
1526
2487
2293
2422
3065
3379
1496
1111
857
797
742
1260
1389
1183
2145
2401
2461
3435
1463
696
312
1185
981
1125
1444
1821
2069
2261
2131
1815
1829
1446
998
1956
479
413
3551
3887
3770
2863
2403
2663
2662
2472
3346
3535
3182
1653
1268
1068
725
535
1374
1139
1761
1310
1321
1067
1506
2230
1445
1247
1247
2009
1387
1517
1455
3113
3239
1631
1692
1894
1776
2357
2354
2170
2167
3268
3463
2375
3703
3827
1830
1443
1376
2669
2643
2576
2864
2580
2583
2076
1638
1260
1198
1533
1268
1616
1696
1571
933
676
536
532
470
541
867
1955
2017
2273
1569
1952
2078
1758
1135
881
2291
2546
3113
3475
2575
1740
1479
1287
456
1952
1826
1333
1267
1264
2680
2483
2291
2351
2608
2973
2188
1614
852
2136
2009
2223
1970
1905
1907
3113
2599
1956
2341
808
1815
2261
1832
2152
2550
2418
2980
3175
3161
2271
2339
2340
1564
1436
1889
2212
2213
983
946
3505
1690
1695
2010
1766
1641
1706
2028
1831
2021
2526
1384
1373
2128
1951
1830
1501
937
1772
2352
2857
2787
2728
2403
2320
2187
2183
1565
1575
1012
855
1958
1823
2096
1071
871
868
1619
1813
1687
1814
1880
1633
2145
2160
2400
2724
1896
1709
947
757
616
425
859
925
2789
2595
2078
2842
1417
1161
982
815
877
2081
2970
3219
3243
3188
1761
1569
1580
2678
1764
2911
977
1229
1186
1640
2286
1511
2082
2144
2143
2514
3150
2376
2184
1422
1038
715
713
803
875
1890
2928
2678
2614
2991
2803
2992
3481
2927
1954
1762
1571
1635
3228
3356
2465
2404
2214
3351
3478
3600
1963
1892
1875
1872
2119
1676
1679
1423
1482
599
472
467
477
1326
1645
1707
2013
2086
2085
1954
2969
2983
1890
1952
2082
2269
2014
2017
1702
1523
3046
1629
1502
1056
427
366
620
1262
2284
2148
1817
2153
2608
1760
2025
1652
1779
1458
2077
2129
1546
1099
783
795
808
1076
2551
2283
2085
2085
3037
3161
3085
2887
3181
3119
3000
1333
1065
942
2610
2420
2609
1889
2017
2465
2146
1827
1887
2398
2524
2460
2605
2409
2474
2474
2204
2212
2396
1754
1175
1044
1112
1238
1179
1132
1141
1589
2406
1951
1754
1581
1454
1266
869
795
1296
1351
1288
1227
1295
1228
904
2539
2677
3245
2208
2338
2544
2678
2039
1907
2140
2395
2780
2783
2322
1743
1232
1882
1754
1996
2024
1830
1894
1944
1559
662
1583
2477
1487
1491
1038
1061
1384
2209
1953
2843
3098
1302
2124
1491
1960
1833
1775
2032
2223
1946
1948
1504
1121
1122
1189
1116
1300
1419
1481
1288
912
788
1185
1123
1523
1759
1641
1118
1182
1312
1262
1577
1649
1331
1205
1584
1895
2996
2162
2391
2589
2465
2851
2466
2400
1758
1451
1259
2335
925
658
1294
2195
1558
545
2473
2605
2550
2354
1953
2195
1171
1680
2397
2393
2535
2656
2208
2528
1825
734
1872
2890
2766
2647
2656
1950
1572
1258
2296
2216
2069
2246
1571
1386
1323
1825
1633
2097
1766
1634
1570
2033
1702
1705
1693
1683
1696
1957
2273
1040
1039
2387
2841
2463
3254
3315
2270
2380
2384
2385
2002
1950
1830
1899
1888
2143
2605
3133
2172
2106
1365
1365
1287
211
277
226
944
1018
1720
2610
2478
2553
2610
2737
3057
2420
2413
2138
2657
2676
1845
1527
1465
1587
1770
2025
2091
1891
854
595
596
949
2095
1565
2341
3307
3220
1939
1362
1300
1106
1064
3502
3831
2077
1817
1816
1945
1817
1999
1302
1712
1761
1632
885
2871
3159
2696
1289
841
1891
1817
1689
2193
2071
1943
1752
1901
2025
1777
1971
1837
2716
2716
2843
2089
1905
1394
1310
1483
1645
2294
2678
1625
1294
711
665
679
678
677
741
2065
2130
2067
1829
2607
2091
2358
2091
2522
2712
2004
2065
2713
3488
1840
1776
1832
1125
1690
1876
1777
1779
1715
2102
2277
1833
1580
1516
1516
1708
1518
1817
1739
2694
1566
1452
1457
1266
1978
1006
795
663
587
1684
1626
2396
3289
2779
2207
1829
1707
822
1494
1168
1359
2341
1570
1104
1174
2019
1828
1887
2082
1955
2019
2156
1774
2094
1932
1736
2148
2281
2155
2032
2347
2409
1872
1552
1038
988
1238
2930
3574
2209
1933
1935
527
1195
1323
2082
1885
2452
2248
2313
1608
1350
1749
1771
2357
2547
2913
1463
1209
1653
2483
1958
1948
1994
1889
2861
2489
1743
1479
1476
1178
1123
945
1080
1982
2621
3254
2584
2698
2693
3617
3620
2155
1831
1846
1703
1300
1432
663
2080
2147
2020
1778
1397
1963
2019
2277
1954
1619
1296
944
946
2088
2339
3663
3674
3635
3899
2542
1749
1582
2020
1504
942
1252
1059
997
1054
2122
2459
2470
1761
1754
1623
1366
1638
1901
2336
1430
1748
1884
2719
1629
980
722
851
2154
2151
2217
3182
3163
3435
3688
3290
3014
1543
1239
1814
1757
1758
2011
1674
1754
2011
2257
2535
3571
3632
3567
2618
1979
1788
1183
1110
2081
1322
1067
1685
1826
2082
1067
1746
1315
2141
2081
1631
2101
2105
2145
2207
2641
2442
1609
1034
527
1323
1820
1628
1773
1783
3413
1364
1493
1176
595
389
1818
1569
1570
1587
1393
1465
1954
1952
2202
1737
1032
2266
796
1949
1501
1168
1172
1185
1313
1318
1322
2605
2789
3159
2631
1353
1711
2084
2000
2056
1865
1483
1291
1760
1781
1847
2043
2218
2028
3491
3494
2675
2009
2080
2480
2012
2063
991
1584
1972
1759
1806
1935
1746
1623
1620
1116
881
938
1509
1704
2675
1820
2271
2963
3095
3353
2467
2546
1777
1583
2553
2342
1553
1293
1226
1485
1871
2000
1760
1312
1239
1367
1512
2021
1884
2522
2589
2591
2717
3156
3347
2889
2083
2150
2672
2460
2205
1870
1743
1809
1758
1769
2158
2479
2669
3961
1057
2384
2764
2247
3781
2083
2032
2027
1706
1453
1632
1065
1905
2865
2979
1884
1493
1295
724
600
2013
729
1758
1824
2015
1822
1764
1698
1119
1551
1934
1949
1768
1629
2402
2342
2524
2384
1759
1699
1702
1581
1453
1630
1806
1552
1359
812
1756
2130
2323
1233
1503
1694
1698
1632
1696
1645
1578
1449
1494
1810
1797
2470
2667
2906
1886
2269
557
359
463
905
2387
2206
3192
1949
2206
611
1003
2542
1126
995
1461
929
1076
928
856
538
457
1544
1929
1546
1612
2120
1173
1616
2123
3034
3224
3362
3429
2735
3629
3443
2675
1909
1135
2843
2972
596
268
418
431
1906
1585
1556
1873
2726
1913
1211
890
823
2687
3117
2589
2451
2249
907
796
763
831
509
732
520
522
2019
2468
2909
2000
2194
2953
2566
524
211
682
677
1973
2157
1015
1113
866
1046
1298
1363
1636
1267
883
1344
1234
1429
1431
1750
1289
1227
3151
3417
3488
2677
2676
1502
1426
1163
402
355
230
373
1134
2165
1648
2662
1707
2199
1824
1435
1911
1907
307
38
223
900
839
1670
3226
2833
3685
3874
3381
1778
2271
866
1403
2240
1600
2104
1713
2704
2320
2191
3478
2778
1617
1744
223
1140
1721
2385
1744
1615
1737
1615
2578
1616
1874
1561
661
712
1093
1223
2521
2727
1562
615
484
824
1917
1311
1016
760
930
1178
781
2513
2657
2083
1250
1439
1525
716
2128
2127
3185
3701
3562
561
481
654
1751
781
584
519
1925
2182
2985
1268
951
1272
1529
2857
1689
1121
1244
914
721
617
1198
1835
1643
1372
1955
2403
2277
2539
1621
1236
2701
2969
2533
2552
2550
2989
3366
3085
3211
2567
734
1011
1776
1116
667
670
601
985
2101
2099
3174
2597
2663
3502
3494
3484
3226
3466
3656
1699
2731
2741
2292
1507
536
853
343
334
718
1952
2127
2508
2311
3225
3176
3167
3164
946
675
792
1725
2743
2547
1544
1226
1692
1048
1692
2637
2785
1902
1083
564
814
1261
237
481
474
1765
1809
1551
2572
2569
1785
1983
1125
591
2708
1253
930
1313
1321
1775
1719
2959
2703
2199
918
524
780
548
1759
1550
784
854
2262
2647
2658
2590
2924
2729
2917
2662
1189
1057
741
798
669
925
1103
1106
1996
2122
2379
2839
3025
3055
2804
2277
2399
1188
2528
1357
1038
845
809
1386
2232
2165
3820
3753
2842
2705
1103
846
1255
1509
2199
2200
2404
1318
1192
1944
2199
2339
1769
1448
1064
2664
3046
3238
1818
1113
1004
942
1142
1664
1777
1889
2267
2404
2094
2103
1706
1513
1072
1261
1449
887
947
1076
2105
2097
2156
1753
1496
2381
2954
1365
1172
1032
648
776
1161
1239
1110
994
992
996
2019
2913
2225
2914
2097
1632
1418
2312
1868
1057
1268
1333
1338
1783
2231
1043
844
1037
2314
2567
2657
2592
2910
1248
1251
1207
632
2108
2486
1689
1747
1489
1679
1308
988
875
556
1326
1837
2412
1084
2078
2207
2079
2066
2060
655
659
542
545
816
2099
2152
2281
2089
2992
1633
1684
1686
1742
1929
1610
1450
1449
1633
1763
3427
3113
1760
919
1045
207
150
161
99
997
1634
1631
1815
2194
2778
2591
3549
1549
1483
2387
2508
3097
2455
2471
2660
3315
3442
3746
1696
1872
2381
1492
1515
1518
3194
3448
2325
2508
1428
985
505
1688
1683
2572
1056
398
817
2477
2731
2851
3043
2723
1118
2386
1195
1201
1337
1141
2156
2349
2668
2936
2667
2637
2270
1199
1008
1323
1052
1683
2265
2972
2541
2866
3172
2158
2079
2270
1569
1805
2790
2730
817
503
235
1276
1063
1252
2252
2790
735
871
735
1954
2279
2796
3091
2895
1487
917
737
808
814
1568
748
1334
918
528
2252
2591
3035
1513
2032
1704
1830
1068
1822
784
522
460
848
810
1837
2332
2326
3107
3364
2163
2698
2506
914
733
673
1068
878
441
814
168
3577
3253
3378
3434
1760
1043
546
1013
422
914
3281
2450
2128
2513
2322
2987
2994
1377
485
538
1107
2838
3298
3367
2680
1762
1383
1445
1569
2049
2117
2068
2768
3406
3408
2254
2382
1963
2151
2230
756
1571
1875
2130
1750
797
924
350
3174
2852
3690
1959
1201
1010
944
2303
2044
1186
784
1488
3237
2099
498
480
528
2062
1871
3409
2988
1586
2361
1467
748
472
594
1098
2824
3144
2585
2271
2291
2102
1978
2867
3679
2964
2698
1361
1307
1754
1837
1773
744
2850
3178
2869
3251
2550
1978
1397
1069
1571
1697
1491
1736
1866
1364
1763
2082
1006
1078
1198
1827
733
1038
1354
793
2583
2961
2214
2087
1439
1382
544
1593
2154
1954
2010
2915
3057
2801
1499
1953
1632
1103
1568
1624
1486
1555
1613
1564
1632
1453
1337
2396
2131
1424
2268
2138
2083
1246
1591
1401
635
379
234
354
536
343
1759
2146
3038
3183
1465
1339
315
2069
788
617
1723
2432
2007
2119
2445
2148
2201
3090
2199
2195
1864
1040
924
976
988
558
552
218
2556
2676
1885
1877
2261
3107
3102
3059
3191
2990
1140
2871
3313
3493
3737
3856
1679
1570
1185
981
1187
1186
1935
2166
881
618
658
1949
1520
1646
1311
1372
1105
1611
1867
1798
2586
2657
2204
1822
1630
1189
1179
1176
1485
2312
2307
2160
1511
1382
1832
1779
2516
1618
1256
1199
2613
2804
2790
2267
1995
1552
1248
1197
1633
1695
481
472
614
469
535
548
696
541
533
1611
2337
2455
1945
785
1413
788
597
1044
1300
818
622
1148
889
3242
2466
1889
1399
1268
1466
1265
1265
595
274
1950
1946
1326
1078
2294
2038
1907
1910
2919
3243
2010
1884
1549
1415
1550
2424
1682
2067
1946
2294
1141
817
1085
1395
1890
2518
1672
2457
2519
1414
2237
2329
1680
1808
523
329
268
392
330
528
1262
749
1168
910
1932
2570
2059
2479
1582
1837
430
1519
1329
304
882
1266
2595
1614
1231
903
969
2723
2810
1557
1003
684
628
592
586
650
2009
1848
1906
1908
1067
988
2916
2025
2155
1708
883
1048
1744
2123
906
777
2073
2200
2466
2271
2157
2410
2091
2296
2230
1908
1751
1882
1944
2956
2892
3534
3022
3555
1635
2922
1646
628
630
171
234
144
204
206
274
1299
2958
3533
3600
986
1048
1175
1173
688
750
1005
1325
1399
1269
1272
1274
1277
2135
3358
3617
3879
3594
3338
723
1058
610
1912
2647
2644
925
747
812
811
363
796
717
649
2058
2185
935
1064
1000
919
2333
2934
2488
1018
1211
1571
1827
1699
2018
1803
1742
1872
1635
2019
1939
1559
1423
341
338
339
749
1456
1974
2851
2972
1994
1744
1418
1584
1655
1519
2086
2324
2247
2118
2839
3032
2527
3243
2929
2089
1446
1959
3047
3299
2975
3048
3238
3484
3466
3209
2837
2341
2276
2484
1900
1615
1413
1771
1779
1535
1469
2838
2927
2349
2143
2015
1551
1628
1630
549
855
1674
3282
3284
3319
2725
1841
1899
1524
1193
1627
1566
1435
2068
659
416
754
1779
1766
2148
3318
3196
3471
3213
2514
3089
2451
2389
3237
3126
2294
1957
1613
1261
1195
417
1293
2527
2990
2611
1336
1191
2915
1884
1241
1045
822
1152
1277
1464
1899
1432
1111
1173
1239
788
1885
1496
997
1107
1230
1098
649
1353
1610
1680
1140
1720
2294
1080
1147
804
909
2712
2396
1771
1847
1407
1530
630
423
532
1487
2631
3546
3356
3793
3053
1814
1933
865
1014
1534
1016
1074
1697
2169
2102
3482
3657
2201
1302
1246
1185
1235
1332
1394
1074
2484
2663
2975
2381
2064
1298
1707
1577
1337
1050
1037
1361
1428
1618
1551
2909
3302
1962
1770
1242
1112
1585
1079
564
922
1113
1807
1049
3095
3361
3294
1840
2215
2074
1681
586
1752
2033
1842
1754
1843
1776
1627
1502
1803
2146
1187
661
1124
853
1416
1609
3247
2993
1065
995
1498
1430
1162
345
92
672
1654
1385
1248
2610
1976
1442
1311
1756
2016
1333
1078
1439
726
2062
1934
1996
2440
3099
3570
3895
2333
788
978
1105
1429
1497
1074
432
432
431
941
2351
2410
2918
2551
3001
3020
1362
979
1576
1701
2603
3126
2941
2868
1209
1209
480
716
721
723
2448
3210
3270
2337
2530
2871
2943
1788
993
1316
1506
2274
2266
2765
1926
2052
3590
1120
2067
2004
2118
2725
2278
1968
2744
370
238
170
2506
1629
2471
1637
2579
2765
2594
2476
3062
2930
3117
1639
1443
1906
2301
1969
1874
2275
2779
976
1643
1449
1716
1849
2745
1277
1864
1797
1888
1174
1993
2591
2478
2364
3196
3174
1499
1940
2629
2758
3305
1831
1761
1365
1173
1351
1349
889
1279
2164
2479
3606
3155
3974
4041
2964
1676
2069
1924
1477
479
1146
883
2485
2722
2789
2593
2577
1929
1351
1820
854
597
843
795
1317
1081
1910
2028
2855
2404
2697
972
394
1824
1179
868
871
730
720
2516
2407
2410
2344
3509
3241
1439
1294
1241
1290
1931
2318
1292
1801
1561
2136
2446
2841
3049
3363
3728
1699
1181
1572
1634
2146
884
1767
1635
1116
1840
1626
1499
1160
2500
3142
2514
3078
3268
3129
3070
1206
1311
2653
2781
2524
2444
2183
1604
978
1119
1311
1591
2164
2676
2412
2477
3305
2417
2169
618
1113
1628
2501
2948
3243
1186
2509
1928
1033
1187
1703
1955
1951
1379
2619
2812
1196
1379
1060
1953
2008
2504
1288
1757
1916
2042
1077
1072
1972
2287
2988
2714
1637
1648
2037
2365
2045
1333
1514
554
668
802
800
1392
1262
1242
992
845
2315
2635
2478
2284
1784
1326
1055
1686
1067
1262
754
626
1596
791
721
1162
852
853
1235
595
1324
1517
759
2363
2406
3237
2973
1710
1580
2573
2252
975
1169
1043
586
456
3555
3746
2084
3257
3249
1835
723
2279
3445
3504
3501
3540
3465
1354
1357
974
992
759
1012
632
1012
991
1116
2402
3491
3747
3745
4037
4037
1928
1871
1864
528
1457
1656
1392
1174
982
1353
1862
2054
985
918
1052
921
1080
1660
1781
1276
1337
2484
2926
3250
2361
2168
1066
872
804
858
1419
1676
2510
2703
1162
1500
1819
2105
1973
1908
1719
759
691
800
979
981
1283
3036
3622
2548
1782
757
1703
2346
1591
1592
566
309
849
727
790
2631
668
421
542
912
588
1173
2185
3094
2020
1594
794
849
781
339
2275
948
850
981
465
915
1303
2693
3141
4025
1397
948
801
816
1097
840
879
1787
1598
1962
2697
2311
1557
1303
1928
2121
1905
1775
1775
3253
3250
2656
2971
2120
523
1114
1335
1567
1692
2588
1438
1979
1145
1962
419
610
594
723
709
1936
3691
3880
2170
1759
1311
1374
1758
2077
1694
2415
2255
593
873
1245
1374
1245
1421
1414
1349
983
2140
2325
1350
982
983
2357
2040
825
1173
1811
1068
940
799
1684
2897
3335
1811
935
980
1620
2863
3305
3244
1995
1611
1801
1481
1549
3164
2478
3581
2110
1975
1907
1135
1198
1088
1146
1134
3480
1625
1042
654
519
1269
1785
1757
1759
1625
1943
1097
839
520
454
902
971
1125
1057
800
1256
1576
1000
1533
1978
1278
2273
1058
1049
1685
2192
2060
2392
2072
1050
940
540
471
550
1465
2170
1066
740
1693
1610
1927
2248
1868
906
1159
677
1335
1914
2608
2782
2968
1771
2586
3298
3679
3625
2569
1547
1101
1587
2032
1331
1587
2096
2176
2604
2662
2127
1797
1476
737
2101
2547
2803
2983
2208
2064
2194
1938
2000
1620
2189
812
1451
625
1780
2034
2028
938
624
2653
2209
3159
3354
3402
3144
1358
1432
2555
2423
1331
1264
1099
2720
2465
1699
1036
971
975
938
1128
1202
2674
3062
3188
3742
3684
3738
3212
2955
2334
2062
787
678
876
1779
1779
2024
2333
2736
1976
1585
3579
3963
1057
812
1004
1263
876
1989
1802
2958
3535
2957
3778
2333
2077
2136
2982
3037
2972
2982
986
1004
365
3037
3230
1768
1635
1116
1307
1180
2466
2931
2421
758
1018
420
2275
1617
2118
2437
1737
1103
1374
1448
2038
2359
2346
2285
2528
1696
1486
879
560
426
1118
1294
2508
1769
2932
3559
3678
3068
1275
1301
1130
2547
3047
3047
2349
1503
1300
1171
1646
1258
985
1477
1733
1859
2846
3036
2992
2606
1389
1194
1210
1257
